(134,3)
(130,2)
(66,2)
(138,5)
(170,1)
(104,5)
(24,9)
(152,1)
(146,8)
(140,5)
(202,2)
(204,2)
(74,4)
(90,2)
(20,6)
(12,1)
(38,7)
(94,5)
(162,1)
(192,2)
(100,1)
(160,2)
(112,6)
(184,3)
(22,1)
(200,2)
(166,3)
(46,1)
(142,1)
(194,1)
(62,3)
(172,2)
(126,4)
(118,3)
(190,1)
(40,4)
(186,2)
(6,2)
(86,3)
(58,3)
(136,3)
(60,4)
(198,2)
(176,1)
(26,3)
(168,1)
(96,2)
(52,1)
(16,4)
(156,3)
(158,1)
(28,2)
(30,1)
(50,2)
(92,3)
(64,3)
(110,1)
(154,3)
(132,2)
(70,4)
(78,1)
(144,3)
(10,1)
(148,2)
(56,2)
(76,2)
(182,2)
(116,4)
(48,3)
(128,2)
(32,1)
(42,1)
(102,2)
(124,1)
(206,15)
(174,2)
(44,1)
(88,3)
(68,6)
