(19,1)
(151,4)
(101,3)
(129,1)
(193,3)
(71,2)
(153,3)
(105,5)
(171,4)
(11,1)
(35,2)
(111,3)
(175,1)
(37,9)
(185,1)
(195,6)
(1,4)
(63,3)
(89,5)
(17,1)
(203,1)
(103,5)
(199,2)
(21,4)
(139,3)
(77,1)
(53,1)
(131,2)
(59,3)
(93,4)
(33,3)
(113,2)
(23,1)
(67,5)
(3,9)
(135,4)
(85,3)
(123,2)
(31,2)
(87,3)
(197,8)
(5,1)
(13,2)
(189,3)
(119,1)
(81,2)
(137,4)
(55,5)
(29,5)
(79,5)
(121,5)
(179,3)
(51,2)
(149,4)
(133,2)
(205,1)
(45,1)
(183,2)
(9,1)
(109,5)
(43,10)
(115,7)
(61,1)
(187,6)
(15,2)
(47,1)
(97,5)
(95,1)
(117,1)
(73,3)
(27,3)
(181,3)
(141,4)
(143,4)
(163,4)
(7,1)
(155,2)
(147,6)
