(24,131,1)
(85,3,1)
(70,140,1)
(43,131,1)
(21,63,1)
(183,141,1)
(70,3,1)
(144,206,1)
(105,85,1)
(92,74,1)
(40,84,1)
(130,63,1)
(1,93,1)
(179,204,1)
(187,30,1)
(3,16,1)
(104,41,1)
(43,29,1)
(3,192,1)
(155,14,1)
(103,97,2)
(204,105,1)
(134,163,1)
(87,50,1)
(90,167,1)
(140,16,1)
(16,151,1)
(163,51,1)
(105,149,2)
(103,7,1)
(50,101,1)
(43,115,1)
(88,15,1)
(135,130,1)
(67,62,1)
(21,86,1)
(101,84,1)
(104,151,1)
(55,97,1)
(139,103,1)
(166,200,1)
(206,197,2)
(89,138,1)
(24,182,1)
(147,163,1)
(63,179,1)
(154,174,1)
(70,66,1)
(3,195,1)
(115,109,1)
(32,55,1)
(149,105,1)
(24,3,1)
(24,81,1)
(76,121,2)
(15,10,1)
(137,154,1)
(160,206,1)
(87,90,1)
(149,93,1)
(146,114,1)
(38,115,1)
(3,113,1)
(144,85,1)
(111,97,1)
(85,28,1)
(94,16,1)
(24,118,1)
(189,148,1)
(197,27,2)
(79,70,1)
(124,193,1)
(139,101,1)
(79,147,1)
(76,174,1)
(141,201,1)
(138,151,1)
(24,138,1)
(104,27,2)
(147,12,1)
(121,119,1)
(112,43,1)
(74,80,1)
(194,66,1)
(184,206,2)
(101,14,1)
(94,48,1)
(146,132,1)
(86,160,1)
(171,93,1)
(68,100,1)
(20,65,1)
(141,154,1)
(37,116,1)
(193,163,1)
(92,94,1)
(204,146,1)
(79,115,1)
(206,105,1)
(73,166,1)
(46,83,1)
(126,95,2)
(30,29,1)
(31,73,1)
(104,55,1)
(29,131,1)
(88,138,1)
(56,60,1)
(68,37,1)
(128,177,1)
(59,131,1)
(93,206,2)
(60,166,1)
(20,97,1)
(138,134,1)
(118,89,1)
(147,121,1)
(137,113,1)
(21,105,1)
(56,44,1)
(43,138,1)
(24,56,1)
(171,60,1)
(43,97,1)
(146,185,1)
(55,206,1)
(195,141,1)
(111,152,1)
(111,174,1)
(195,163,2)
(115,197,1)
(136,142,1)
(40,79,1)
(119,74,1)
(105,67,1)
(143,38,1)
(197,60,1)
(206,60,1)
(37,21,1)
(117,121,1)
(93,147,1)
(90,109,1)
(17,206,1)
(10,139,1)
(26,184,1)
(133,197,1)
(64,102,1)
(115,77,1)
(20,125,1)
(195,121,1)
(16,19,1)
(200,48,1)
(206,121,1)
(197,80,1)
(115,1,1)
(203,29,1)
(126,3,1)
(58,132,1)
(126,157,1)
(140,122,1)
(73,16,1)
(118,26,1)
(38,6,1)
(48,147,1)
(7,198,1)
(71,187,1)
(140,74,1)
(190,97,1)
(37,115,1)
(189,130,1)
(187,156,1)
(27,171,1)
(153,115,1)
(151,84,1)
(43,66,1)
(206,93,2)
(183,3,1)
(138,181,1)
(160,63,1)
(202,132,1)
(3,206,2)
(26,37,1)
(146,156,1)
(50,179,1)
(48,176,1)
(55,116,1)
(185,136,1)
(195,20,1)
(109,174,1)
(73,7,1)
(63,86,1)
(97,64,1)
(206,138,1)
(116,137,1)
(206,184,2)
(102,24,1)
(116,87,1)
(43,112,1)
(197,156,1)
(136,98,1)
(43,151,1)
(27,112,1)
(175,103,1)
(59,42,1)
(171,71,1)
(141,195,1)
(166,76,1)
(186,60,1)
(193,11,1)
(136,103,1)
(33,92,1)
(172,37,1)
(156,146,1)
(29,27,1)
(118,182,1)
(97,146,1)
(64,97,1)
(149,21,1)
(115,147,1)
(105,21,1)
(44,136,1)
(156,31,1)
(200,197,1)
(85,89,1)
(66,43,1)
(166,105,1)
(13,34,1)
(37,76,1)
(102,53,1)
(89,81,1)
(93,105,1)
(70,134,1)
(3,37,1)
