(45,112,1)
(132,46,1)
(113,192,1)
(68,3,1)
(163,166,1)
(3,33,1)
(206,26,1)
(162,198,1)
(43,76,1)
(112,204,1)
(29,112,1)
(24,175,1)
(53,103,1)
(147,206,1)
(155,68,1)
(28,22,1)
(100,133,1)
(187,66,2)
(130,9,1)
(138,206,1)
(179,21,1)
(51,38,1)
(206,3,1)
(197,74,2)
(35,55,1)
(110,37,1)
(40,172,1)
(206,95,1)
(29,151,1)
(182,111,1)
(132,144,1)
(198,40,1)
(12,199,1)
(187,33,1)
(27,197,1)
(143,70,1)
(16,149,1)
(187,193,1)
(206,108,1)
(158,9,1)
(67,206,1)
(37,126,1)
(55,155,1)
(181,21,1)
(153,15,1)
(13,166,1)
(95,43,1)
(38,109,1)
(195,206,1)
(109,58,1)
(105,37,1)
(154,3,2)
(94,3,1)
(192,129,1)
(195,99,1)
(71,144,1)
(151,115,1)
(186,137,1)
(140,197,1)
(93,110,1)
(206,1,1)
(66,149,2)
(206,46,1)
(112,76,1)
(55,48,1)
(1,176,2)
(170,109,1)
(133,162,1)
(23,166,1)
(182,68,1)
(58,143,1)
(67,184,1)
(109,3,1)
(33,9,1)
(139,178,1)
(168,153,1)
(138,43,1)
(81,111,1)
(202,146,1)
(103,46,1)
(156,193,1)
(171,24,1)
(24,47,1)
(134,131,1)
(137,50,1)
(151,144,1)
(153,156,1)
(113,47,1)
(16,37,1)
(163,139,1)
(81,193,1)
(121,76,1)
(89,163,1)
(184,60,1)
(19,66,1)
(9,37,1)
(42,130,1)
(37,112,1)
(97,194,2)
(147,27,1)
(121,24,2)
(89,151,1)
(68,172,1)
(121,154,1)
(149,95,1)
(134,151,1)
(126,153,1)
(197,145,1)
(192,37,1)
(123,206,1)
(43,197,1)
(94,171,1)
(148,63,1)
(123,9,1)
(131,187,1)
(22,184,1)
(141,108,1)
(146,53,1)
(87,8,1)
(181,204,1)
(29,28,1)
(205,23,1)
(79,97,1)
(199,103,1)
(35,143,1)
(112,187,1)
(67,21,1)
(20,133,1)
(104,90,1)
(109,87,1)
(151,112,1)
(68,134,1)
(187,147,1)
(74,206,1)
(163,199,1)
(92,166,1)
(146,73,1)
(103,136,1)
(112,9,1)
(79,119,1)
(74,26,2)
(38,111,1)
(51,139,1)
(144,29,1)
(135,74,1)
(198,125,1)
(60,29,1)
(3,94,1)
(137,66,1)
(197,3,1)
(146,134,1)
(152,58,2)
(135,89,1)
(142,146,1)
(5,193,1)
(206,94,1)
(38,60,1)
(197,43,1)
(184,130,1)
(37,206,1)
(97,16,1)
(131,151,1)
(206,154,2)
(115,37,1)
(101,56,1)
(33,77,1)
(37,27,1)
(86,181,1)
(67,163,1)
(74,140,1)
(37,32,1)
(62,47,1)
(86,50,1)
(148,111,1)
(129,36,1)
(176,25,1)
(97,170,1)
(181,148,1)
(116,109,1)
(121,195,1)
(143,87,1)
(26,206,1)
(147,33,1)
(88,203,1)
(40,14,1)
(38,82,1)
(193,133,1)
(38,104,1)
(179,68,1)
(20,62,1)
(47,193,1)
(77,206,1)
(60,175,1)
(6,126,1)
(62,110,1)
(64,116,1)
(31,114,2)
(60,140,1)
(11,193,1)
(199,48,1)
(59,197,1)
(1,174,1)
(96,20,1)
(135,138,1)
(89,109,1)
(15,24,1)
(112,206,2)
(140,37,1)
(3,99,1)
(128,192,1)
(103,138,1)
(146,162,1)
(94,121,1)
(62,55,1)
(174,157,1)
(20,94,1)
(21,181,1)
(68,203,1)
(78,24,1)
(52,147,1)
(28,179,1)
(143,109,1)
(116,140,1)
(154,206,1)
(63,160,1)
(6,115,1)
(61,173,1)
(109,104,2)
(58,134,1)
(172,63,1)
(48,189,1)
(174,126,1)
(189,206,1)
(1,70,1)
(115,26,1)
(96,24,1)
