CompactBuffer((52.509,13.323,202), (52.509,13.323,202), (52.508,13.323,202), (52.508,13.323,202), (52.509,13.322,202))
CompactBuffer((52.499,13.335,118), (52.499,13.335,118), (52.499,13.335,118), (52.499,13.335,118), (52.499,13.335,118), (52.499,13.335,118))
CompactBuffer((52.499,13.381,116), (52.499,13.382,116), (52.499,13.382,116), (52.499,13.38,116), (52.499,13.38,116), (52.498,13.38,116), (52.499,13.38,116))
CompactBuffer((52.511,13.292,82), (52.511,13.292,82), (52.511,13.292,82), (52.511,13.293,82), (52.511,13.293,82), (52.511,13.293,82))
CompactBuffer((52.5,13.351,19), (52.5,13.351,19), (52.5,13.351,19), (52.499,13.351,19))
CompactBuffer((52.542,13.544,42), (52.542,13.544,42), (52.541,13.544,42), (52.541,13.544,42))
CompactBuffer((52.461,13.416,190), (52.46,13.417,190), (52.461,13.417,190), (52.461,13.416,190), (52.461,13.416,190))
CompactBuffer((52.523,13.408,154), (52.523,13.409,154), (52.523,13.409,154), (52.523,13.409,154), (52.523,13.409,154), (52.523,13.409,154), (52.523,13.407,154))
CompactBuffer((52.512,13.489,62), (52.512,13.489,62), (52.512,13.489,62), (52.513,13.49,62), (52.512,13.488,62), (52.512,13.489,62), (52.512,13.489,62), (52.512,13.489,62), (52.512,13.49,62))
CompactBuffer((52.503,13.339,134), (52.503,13.34,134), (52.503,13.341,134), (52.503,13.34,134), (52.504,13.339,134), (52.502,13.341,134), (52.502,13.341,134), (52.503,13.34,134))
CompactBuffer((52.553,13.088,165), (52.553,13.088,165), (52.553,13.088,165), (52.554,13.088,165), (52.554,13.088,165))
CompactBuffer((52.489,13.345,46), (52.489,13.345,46), (52.491,13.345,46), (52.491,13.345,46), (52.489,13.344,46), (52.489,13.346,46), (52.489,13.346,46), (52.49,13.345,46))
CompactBuffer((52.511,13.402,138), (52.511,13.401,138), (52.511,13.401,138), (52.51,13.401,138), (52.511,13.401,138), (52.511,13.401,138), (52.511,13.401,138), (52.512,13.402,138), (52.512,13.402,138))
CompactBuffer((52.505,13.589,127), (52.505,13.589,127), (52.505,13.59,127))
CompactBuffer((52.492,13.458,163), (52.492,13.459,163), (52.492,13.457,163), (52.492,13.459,163), (52.491,13.457,163), (52.492,13.458,163), (52.493,13.459,163), (52.493,13.459,163), (52.493,13.46,163), (52.493,13.459,163), (52.492,13.458,163))
CompactBuffer((52.529,13.411,93), (52.529,13.411,93), (52.528,13.41,93), (52.53,13.411,93), (52.529,13.408,93), (52.529,13.409,93), (52.529,13.41,93), (52.529,13.409,93), (52.53,13.411,93), (52.529,13.407,93), (52.529,13.408,93))
CompactBuffer((52.564,13.364,28), (52.564,13.364,28), (52.563,13.365,28), (52.563,13.365,28), (52.565,13.364,28), (52.563,13.364,28), (52.563,13.364,28))
CompactBuffer((52.502,13.418,59), (52.502,13.418,59), (52.502,13.417,59), (52.502,13.417,59), (52.502,13.417,59), (52.502,13.417,59))
CompactBuffer((52.506,13.452,121), (52.507,13.451,121), (52.507,13.451,121), (52.507,13.451,121), (52.506,13.451,121), (52.507,13.452,121), (52.506,13.451,121), (52.508,13.451,121), (52.508,13.451,121), (52.506,13.452,121), (52.506,13.451,121), (52.508,13.452,121), (52.508,13.452,121), (52.508,13.453,121))
CompactBuffer((52.495,13.331,24), (52.493,13.331,24), (52.496,13.331,24), (52.491,13.331,24), (52.497,13.332,24), (52.496,13.331,24), (52.491,13.331,24), (52.493,13.331,24), (52.493,13.331,24), (52.497,13.332,24), (52.497,13.332,24), (52.492,13.331,24), (52.493,13.331,24), (52.493,13.331,24), (52.494,13.331,24), (52.491,13.33,24), (52.491,13.33,24), (52.496,13.331,24), (52.491,13.33,24), (52.491,13.33,24), (52.497,13.331,24), (52.494,13.331,24), (52.497,13.331,24), (52.495,13.33,24))
CompactBuffer((52.502,13.277,136), (52.502,13.277,136), (52.502,13.277,136), (52.502,13.277,136), (52.501,13.276,136), (52.502,13.276,136), (52.501,13.276,136), (52.501,13.277,136))
CompactBuffer((52.555,13.29,84), (52.555,13.291,84), (52.555,13.289,84), (52.554,13.29,84), (52.554,13.29,84))
CompactBuffer((52.489,13.528,13), (52.49,13.528,13), (52.49,13.528,13), (52.489,13.529,13), (52.489,13.527,13))
CompactBuffer((52.456,13.371,11), (52.456,13.371,11), (52.456,13.37,11), (52.456,13.37,11), (52.456,13.37,11), (52.456,13.37,11))
CompactBuffer((52.49,13.301,150), (52.49,13.301,150))
CompactBuffer((52.53,13.401,105), (52.532,13.4,105), (52.53,13.399,105), (52.53,13.401,105), (52.53,13.401,105), (52.53,13.401,105), (52.53,13.402,105), (52.53,13.402,105), (52.53,13.4,105), (52.531,13.4,105), (52.532,13.4,105), (52.53,13.401,105), (52.53,13.4,105))
CompactBuffer((52.511,13.395,60), (52.511,13.395,60), (52.511,13.395,60), (52.511,13.396,60), (52.511,13.394,60), (52.511,13.397,60), (52.511,13.397,60), (52.511,13.397,60), (52.511,13.399,60), (52.511,13.397,60), (52.511,13.398,60))
CompactBuffer((52.548,13.298,101), (52.548,13.298,101), (52.548,13.297,101), (52.548,13.299,101), (52.548,13.297,101), (52.548,13.297,101), (52.548,13.297,101), (52.548,13.297,101), (52.548,13.296,101), (52.548,13.298,101))
CompactBuffer((52.515,13.475,20), (52.515,13.475,20), (52.515,13.475,20), (52.514,13.477,20), (52.514,13.476,20), (52.514,13.476,20), (52.514,13.476,20), (52.515,13.474,20), (52.514,13.475,20), (52.514,13.475,20), (52.514,13.476,20), (52.514,13.476,20), (52.514,13.478,20), (52.514,13.475,20), (52.514,13.475,20))
CompactBuffer((52.513,13.425,48), (52.513,13.424,48), (52.513,13.425,48), (52.513,13.425,48), (52.512,13.424,48), (52.513,13.424,48), (52.513,13.424,48))
CompactBuffer((52.509,13.376,112), (52.509,13.375,112), (52.509,13.375,112), (52.51,13.377,112), (52.509,13.375,112), (52.509,13.376,112), (52.509,13.376,112), (52.51,13.376,112), (52.509,13.376,112), (52.508,13.377,112), (52.509,13.376,112), (52.508,13.376,112), (52.508,13.376,112), (52.51,13.376,112), (52.51,13.376,112), (52.51,13.376,112))
CompactBuffer((52.471,13.385,97), (52.472,13.385,97), (52.472,13.386,97), (52.471,13.384,97), (52.471,13.384,97), (52.47,13.385,97), (52.47,13.385,97), (52.47,13.387,97), (52.47,13.387,97), (52.47,13.387,97), (52.47,13.387,97), (52.469,13.385,97), (52.469,13.385,97), (52.469,13.387,97), (52.472,13.385,97), (52.471,13.386,97), (52.469,13.386,97), (52.472,13.386,97), (52.469,13.386,97), (52.469,13.386,97))
CompactBuffer((52.518,13.43,147), (52.518,13.43,147), (52.518,13.429,147), (52.518,13.428,147), (52.518,13.43,147), (52.518,13.429,147), (52.518,13.428,147), (52.519,13.429,147), (52.519,13.428,147), (52.519,13.428,147), (52.517,13.43,147), (52.518,13.428,147))
CompactBuffer((52.479,13.344,103), (52.479,13.345,103), (52.479,13.345,103), (52.479,13.345,103), (52.478,13.344,103), (52.478,13.344,103), (52.478,13.344,103), (52.478,13.345,103), (52.478,13.344,103), (52.478,13.345,103), (52.478,13.345,103), (52.48,13.345,103), (52.48,13.345,103), (52.479,13.344,103), (52.479,13.344,103))
CompactBuffer((52.482,13.29,178), (52.482,13.29,178), (52.483,13.29,178), (52.483,13.29,178), (52.482,13.289,178))
CompactBuffer((52.517,13.394,71), (52.517,13.394,71), (52.517,13.395,71), (52.517,13.395,71), (52.516,13.394,71))
CompactBuffer((52.54,13.296,79), (52.542,13.296,79), (52.542,13.296,79), (52.541,13.296,79), (52.542,13.296,79), (52.542,13.296,79), (52.54,13.295,79), (52.541,13.296,79), (52.541,13.296,79))
CompactBuffer((52.495,13.335,31), (52.495,13.335,31), (52.495,13.335,31), (52.495,13.335,31), (52.495,13.335,31))
CompactBuffer((52.517,13.409,26), (52.517,13.409,26), (52.517,13.409,26), (52.518,13.409,26), (52.517,13.409,26), (52.516,13.409,26), (52.516,13.409,26))
CompactBuffer((52.526,13.341,22), (52.526,13.341,22), (52.526,13.34,22), (52.527,13.341,22), (52.527,13.341,22))
CompactBuffer((52.43,13.427,196), (52.43,13.427,196), (52.43,13.427,196), (52.43,13.427,196), (52.43,13.427,196), (52.43,13.427,196))
CompactBuffer((52.513,13.377,33), (52.513,13.377,33), (52.512,13.377,33), (52.512,13.377,33), (52.513,13.377,33))
CompactBuffer((52.514,13.286,167), (52.512,13.286,167), (52.514,13.287,167), (52.513,13.286,167), (52.513,13.286,167), (52.513,13.286,167))
CompactBuffer((52.508,13.363,73), (52.508,13.363,73), (52.508,13.363,73), (52.507,13.363,73), (52.506,13.363,73), (52.508,13.363,73))
CompactBuffer((52.501,13.314,152), (52.501,13.313,152), (52.5,13.313,152), (52.501,13.313,152), (52.501,13.315,152), (52.501,13.315,152), (52.5,13.313,152), (52.502,13.313,152), (52.502,13.313,152))
CompactBuffer((52.521,13.372,183), (52.521,13.372,183), (52.521,13.372,183), (52.521,13.372,183), (52.521,13.372,183))
CompactBuffer((52.476,13.364,99), (52.476,13.365,99))
CompactBuffer((52.493,13.526,125), (52.493,13.526,125), (52.494,13.526,125), (52.493,13.526,125), (52.494,13.526,125))
CompactBuffer((52.494,13.31,198), (52.494,13.31,198), (52.494,13.31,198), (52.494,13.31,198), (52.494,13.31,198), (52.494,13.309,198))
CompactBuffer((52.398,13.053,129), (52.398,13.053,129), (52.398,13.053,129), (52.398,13.053,129), (52.4,13.053,129), (52.4,13.053,129), (52.398,13.054,129), (52.399,13.053,129))
CompactBuffer((52.53,13.381,91), (52.529,13.381,91))
CompactBuffer((52.463,13.339,88), (52.463,13.339,88), (52.464,13.34,88), (52.464,13.339,88), (52.464,13.339,88), (52.462,13.339,88), (52.462,13.339,88))
CompactBuffer((52.351,13.104,4), (52.351,13.104,4), (52.352,13.104,4), (52.352,13.104,4))
CompactBuffer((52.552,13.466,80), (52.552,13.466,80), (52.551,13.466,80), (52.551,13.466,80), (52.552,13.466,80), (52.552,13.466,80), (52.552,13.466,80))
CompactBuffer((52.452,13.423,107), (52.452,13.423,107), (52.452,13.423,107), (52.452,13.423,107), (52.452,13.423,107))
CompactBuffer((52.506,13.311,145), (52.506,13.311,145), (52.506,13.312,145), (52.506,13.312,145))
CompactBuffer((52.483,13.32,53), (52.483,13.32,53), (52.484,13.32,53), (52.482,13.32,53), (52.482,13.32,53))
CompactBuffer((52.512,13.314,6), (52.512,13.315,6), (52.511,13.314,6), (52.511,13.314,6), (52.512,13.315,6), (52.512,13.314,6))
CompactBuffer((52.515,13.406,130), (52.514,13.406,130), (52.514,13.406,130), (52.514,13.406,130), (52.514,13.406,130), (52.515,13.407,130))
CompactBuffer((52.53,13.405,149), (52.529,13.405,149), (52.529,13.405,149), (52.53,13.405,149), (52.528,13.405,149), (52.529,13.405,149), (52.53,13.405,149))
CompactBuffer((52.521,13.387,37), (52.519,13.386,37), (52.52,13.387,37), (52.52,13.387,37), (52.521,13.387,37), (52.519,13.388,37), (52.519,13.388,37), (52.52,13.389,37), (52.52,13.388,37), (52.52,13.387,37), (52.52,13.387,37), (52.521,13.387,37), (52.521,13.387,37), (52.521,13.387,37), (52.521,13.387,37), (52.521,13.388,37), (52.519,13.389,37), (52.52,13.386,37), (52.521,13.387,37), (52.521,13.387,37), (52.521,13.387,37), (52.52,13.388,37), (52.52,13.385,37), (52.521,13.387,37), (52.521,13.387,37))
CompactBuffer((52.532,13.381,204), (52.531,13.38,204), (52.532,13.382,204), (52.533,13.38,204), (52.532,13.38,204), (52.532,13.38,204))
CompactBuffer((52.431,13.258,170), (52.431,13.258,170), (52.431,13.258,170), (52.431,13.259,170), (52.431,13.259,170), (52.431,13.259,170))
CompactBuffer((52.517,13.386,187), (52.517,13.384,187), (52.517,13.386,187), (52.517,13.386,187), (52.517,13.386,187), (52.517,13.386,187), (52.517,13.385,187), (52.517,13.385,187), (52.517,13.386,187), (52.517,13.386,187))
CompactBuffer((52.54,13.402,86), (52.54,13.402,86), (52.54,13.401,86), (52.54,13.403,86), (52.54,13.403,86))
CompactBuffer((52.663,13.283,2), (52.663,13.283,2), (52.663,13.283,2), (52.663,13.283,2), (52.663,13.283,2), (52.663,13.283,2))
CompactBuffer((52.513,13.281,185), (52.513,13.281,185), (52.513,13.281,185), (52.513,13.281,185), (52.513,13.28,185))
CompactBuffer((52.517,13.454,176), (52.517,13.454,176), (52.517,13.455,176), (52.516,13.454,176), (52.516,13.453,176), (52.516,13.454,176), (52.516,13.454,176))
CompactBuffer((52.517,13.377,66), (52.518,13.376,66), (52.517,13.377,66), (52.516,13.377,66), (52.518,13.377,66), (52.516,13.377,66), (52.518,13.376,66), (52.519,13.377,66), (52.516,13.378,66))
CompactBuffer((52.496,13.289,44), (52.496,13.289,44), (52.496,13.288,44), (52.497,13.289,44), (52.497,13.289,44), (52.497,13.29,44))
CompactBuffer((52.543,13.366,172), (52.543,13.366,172), (52.543,13.366,172), (52.543,13.367,172), (52.543,13.366,172))
CompactBuffer((52.535,13.196,110), (52.535,13.196,110), (52.534,13.195,110), (52.534,13.195,110), (52.535,13.197,110), (52.534,13.195,110), (52.534,13.196,110), (52.534,13.196,110), (52.535,13.195,110))
CompactBuffer((52.511,13.429,200), (52.511,13.429,200), (52.511,13.429,200), (52.511,13.429,200), (52.51,13.43,200), (52.51,13.43,200), (52.511,13.429,200), (52.51,13.429,200))
CompactBuffer((52.59,13.285,39), (52.589,13.285,39), (52.589,13.285,39), (52.59,13.286,39), (52.589,13.285,39))
CompactBuffer((52.519,13.401,77), (52.52,13.401,77), (52.519,13.402,77), (52.519,13.401,77), (52.52,13.401,77), (52.519,13.402,77))
CompactBuffer((52.506,13.332,109), (52.506,13.333,109), (52.506,13.332,109), (52.505,13.33,109), (52.508,13.332,109), (52.508,13.332,109), (52.504,13.331,109), (52.504,13.331,109), (52.507,13.334,109), (52.503,13.331,109), (52.506,13.331,109), (52.506,13.334,109), (52.507,13.333,109), (52.506,13.332,109), (52.505,13.332,109), (52.505,13.332,109), (52.508,13.334,109), (52.506,13.332,109), (52.507,13.332,109), (52.506,13.334,109), (52.503,13.331,109), (52.504,13.33,109), (52.505,13.331,109), (52.505,13.331,109), (52.507,13.332,109))
CompactBuffer((52.501,13.331,143), (52.5,13.331,143), (52.5,13.331,143), (52.5,13.331,143), (52.499,13.331,143), (52.499,13.331,143), (52.5,13.331,143))
CompactBuffer((52.525,13.404,189), (52.526,13.404,189), (52.525,13.403,189), (52.525,13.403,189))
CompactBuffer((52.448,13.379,64), (52.449,13.379,64), (52.45,13.379,64), (52.448,13.379,64), (52.448,13.379,64), (52.448,13.379,64), (52.449,13.379,64))
CompactBuffer((52.507,13.302,132), (52.507,13.302,132), (52.507,13.302,132), (52.506,13.303,132), (52.508,13.302,132), (52.507,13.302,132), (52.507,13.303,132), (52.508,13.302,132))
CompactBuffer((52.485,13.331,158), (52.485,13.331,158), (52.485,13.331,158), (52.486,13.331,158), (52.486,13.331,158), (52.484,13.331,158), (52.486,13.331,158))
CompactBuffer((52.399,13.545,8))
CompactBuffer((52.517,13.541,57), (52.517,13.541,57), (52.517,13.542,57), (52.518,13.541,57), (52.518,13.541,57))
CompactBuffer((52.292,14.063,169), (52.292,14.063,169))
CompactBuffer((52.47,13.33,15), (52.47,13.33,15), (52.47,13.331,15), (52.47,13.331,15), (52.47,13.331,15))
CompactBuffer((52.394,13.084,75), (52.394,13.084,75), (52.394,13.085,75), (52.394,13.084,75), (52.394,13.084,75))
CompactBuffer((52.452,13.452,35), (52.452,13.452,35), (52.452,13.452,35), (52.452,13.452,35), (52.452,13.452,35))
CompactBuffer((52.514,13.336,174), (52.514,13.336,174), (52.514,13.336,174), (52.514,13.336,174), (52.514,13.336,174), (52.514,13.336,174))
CompactBuffer((52.521,13.414,206), (52.523,13.411,206), (52.518,13.412,206), (52.522,13.415,206), (52.52,13.415,206), (52.52,13.415,206), (52.524,13.411,206), (52.524,13.411,206), (52.521,13.414,206), (52.521,13.414,206), (52.523,13.417,206), (52.518,13.411,206), (52.522,13.414,206), (52.522,13.415,206), (52.521,13.411,206), (52.521,13.413,206), (52.522,13.417,206), (52.519,13.415,206), (52.522,13.413,206), (52.52,13.414,206), (52.523,13.415,206), (52.522,13.413,206), (52.522,13.413,206), (52.522,13.413,206), (52.522,13.413,206), (52.522,13.411,206), (52.521,13.41,206), (52.524,13.413,206), (52.519,13.411,206), (52.522,13.416,206), (52.52,13.411,206), (52.522,13.412,206), (52.52,13.413,206), (52.522,13.415,206), (52.52,13.412,206), (52.522,13.417,206), (52.522,13.417,206), (52.522,13.414,206), (52.521,13.412,206), (52.52,13.413,206), (52.522,13.415,206), (52.52,13.413,206), (52.519,13.412,206), (52.519,13.412,206), (52.524,13.413,206), (52.522,13.412,206), (52.524,13.412,206), (52.521,13.412,206), (52.522,13.417,206), (52.522,13.415,206), (52.522,13.413,206), (52.519,13.412,206), (52.522,13.416,206), (52.52,13.416,206), (52.522,13.413,206), (52.523,13.418,206), (52.523,13.412,206), (52.522,13.414,206), (52.522,13.412,206), (52.522,13.413,206))
CompactBuffer((52.504,13.447,55), (52.503,13.447,55), (52.503,13.447,55), (52.503,13.447,55), (52.503,13.447,55), (52.502,13.446,55), (52.503,13.447,55), (52.503,13.447,55), (52.502,13.447,55))
CompactBuffer((52.554,13.293,40), (52.554,13.293,40), (52.553,13.292,40), (52.553,13.293,40), (52.554,13.293,40), (52.555,13.293,40), (52.555,13.293,40), (52.552,13.293,40), (52.553,13.292,40))
CompactBuffer((52.461,13.503,51), (52.461,13.503,51), (52.461,13.504,51), (52.461,13.503,51), (52.461,13.504,51), (52.461,13.504,51), (52.461,13.504,51), (52.461,13.504,51), (52.461,13.504,51))
CompactBuffer((52.502,13.478,141), (52.502,13.478,141), (52.502,13.478,141), (52.5,13.478,141), (52.501,13.478,141), (52.502,13.478,141), (52.5,13.478,141))
CompactBuffer((52.528,13.424,123), (52.528,13.425,123), (52.528,13.423,123))
CompactBuffer((52.546,13.359,68), (52.546,13.359,68), (52.547,13.358,68), (52.546,13.359,68), (52.546,13.359,68), (52.546,13.359,68), (52.546,13.359,68), (52.546,13.359,68), (52.546,13.358,68), (52.546,13.359,68), (52.546,13.359,68), (52.546,13.36,68), (52.546,13.359,68), (52.546,13.359,68), (52.546,13.359,68), (52.546,13.358,68))
CompactBuffer((52.505,13.317,192), (52.506,13.317,192), (52.505,13.319,192), (52.505,13.32,192), (52.505,13.319,192), (52.505,13.318,192), (52.505,13.32,192), (52.505,13.318,192), (52.505,13.318,192))
CompactBuffer((52.497,13.324,156), (52.497,13.325,156), (52.497,13.324,156), (52.497,13.324,156), (52.496,13.324,156), (52.496,13.324,156), (52.497,13.324,156))
CompactBuffer((52.567,13.311,17), (52.567,13.312,17), (52.567,13.312,17), (52.567,13.312,17), (52.567,13.312,17))
CompactBuffer((52.53,13.384,181), (52.531,13.384,181), (52.531,13.383,181), (52.53,13.384,181), (52.53,13.384,181), (52.53,13.384,181), (52.53,13.384,181))
CompactBuffer((52.439,13.388,194), (52.438,13.388,194), (52.438,13.388,194), (52.439,13.388,194), (52.438,13.388,194))
CompactBuffer((52.52,13.405,95), (52.52,13.405,95), (52.52,13.405,95), (52.519,13.404,95), (52.52,13.404,95), (52.52,13.404,95), (52.52,13.406,95), (52.52,13.406,95))
CompactBuffer((52.494,13.324,114), (52.494,13.325,114), (52.494,13.325,114), (52.494,13.324,114), (52.494,13.325,114))
CompactBuffer((52.525,13.363,161), (52.525,13.363,161))
