CompactBuffer((52.522,13.588,180))
CompactBuffer((52.534,13.488,188), (52.534,13.488,188), (52.534,13.488,188), (52.534,13.488,188), (52.534,13.488,188), (52.534,13.488,188))
CompactBuffer((52.494,13.462,201), (52.495,13.462,201), (52.495,13.462,201))
CompactBuffer((52.611,13.318,96), (52.612,13.318,96), (52.61,13.318,96), (52.611,13.317,96))
CompactBuffer((52.522,13.376,115), (52.522,13.38,115), (52.522,13.377,115), (52.523,13.38,115), (52.523,13.38,115), (52.522,13.378,115), (52.523,13.379,115), (52.522,13.379,115), (52.523,13.38,115), (52.523,13.378,115), (52.522,13.38,115), (52.524,13.38,115), (52.522,13.377,115), (52.522,13.378,115), (52.522,13.377,115), (52.522,13.377,115), (52.522,13.379,115), (52.522,13.379,115), (52.522,13.379,115), (52.522,13.378,115), (52.522,13.377,115))
CompactBuffer((52.432,13.555,168), (52.432,13.555,168))
CompactBuffer((52.502,13.343,104), (52.502,13.343,104), (52.502,13.344,104), (52.502,13.343,104), (52.501,13.344,104), (52.502,13.343,104), (52.502,13.343,104), (52.502,13.343,104), (52.502,13.343,104), (52.502,13.344,104), (52.502,13.343,104))
CompactBuffer((52.519,13.374,45))
CompactBuffer((52.517,13.344,182), (52.517,13.344,182), (52.517,13.344,182), (52.517,13.344,182), (52.517,13.344,182))
CompactBuffer((52.498,13.395,131), (52.498,13.395,131), (52.498,13.395,131), (52.497,13.396,131), (52.498,13.396,131), (52.498,13.396,131), (52.498,13.395,131), (52.497,13.396,131), (52.497,13.396,131))
CompactBuffer((52.499,13.372,41), (52.499,13.371,41), (52.499,13.371,41), (52.499,13.371,41), (52.499,13.371,41))
CompactBuffer((52.491,13.314,83), (52.491,13.315,83), (52.49,13.314,83))
CompactBuffer((52.46,13.385,191), (52.46,13.385,191), (52.46,13.385,191), (52.46,13.385,191), (52.461,13.385,191))
CompactBuffer((52.472,13.368,193), (52.472,13.367,193), (52.473,13.366,193), (52.473,13.365,193), (52.473,13.365,193), (52.472,13.366,193), (52.472,13.367,193), (52.472,13.368,193), (52.472,13.368,193), (52.472,13.368,193), (52.473,13.365,193), (52.472,13.367,193), (52.472,13.367,193))
CompactBuffer((52.499,13.418,89), (52.499,13.416,89), (52.499,13.416,89), (52.499,13.419,89), (52.498,13.419,89), (52.499,13.418,89), (52.499,13.418,89), (52.499,13.42,89), (52.499,13.417,89))
CompactBuffer((52.494,13.354,61))
CompactBuffer((52.463,13.444,81), (52.464,13.444,81), (52.463,13.445,81), (52.462,13.444,81), (52.463,13.444,81))
CompactBuffer((52.511,13.5,25), (52.511,13.5,25))
CompactBuffer((52.533,13.398,148), (52.533,13.399,148), (52.533,13.397,148))
CompactBuffer((52.517,13.441,166), (52.517,13.441,166), (52.517,13.439,166), (52.517,13.441,166), (52.518,13.441,166), (52.517,13.44,166), (52.517,13.441,166), (52.517,13.441,166), (52.518,13.441,166), (52.517,13.442,166), (52.517,13.439,166))
CompactBuffer((52.502,13.376,140), (52.503,13.375,140), (52.502,13.376,140), (52.502,13.376,140), (52.502,13.375,140), (52.504,13.375,140), (52.504,13.374,140), (52.502,13.375,140), (52.503,13.375,140), (52.503,13.375,140), (52.503,13.375,140))
CompactBuffer((52.54,13.412,63), (52.541,13.413,63), (52.54,13.412,63), (52.541,13.411,63), (52.541,13.412,63), (52.54,13.412,63), (52.54,13.412,63))
CompactBuffer((52.565,13.394,133), (52.565,13.392,133), (52.565,13.393,133), (52.565,13.394,133), (52.565,13.394,133), (52.565,13.395,133))
CompactBuffer((52.315,13.602,65), (52.316,13.602,65), (52.315,13.602,65), (52.315,13.601,65), (52.315,13.603,65))
CompactBuffer((52.412,13.362,23), (52.412,13.362,23), (52.413,13.363,23), (52.412,13.362,23), (52.413,13.362,23))
CompactBuffer((52.459,13.58,108), (52.459,13.58,108), (52.46,13.58,108), (52.459,13.581,108), (52.459,13.58,108))
CompactBuffer((52.506,13.562,49), (52.506,13.562,49), (52.505,13.562,49), (52.505,13.562,49))
CompactBuffer((52.493,13.293,47), (52.493,13.292,47), (52.493,13.292,47), (52.493,13.292,47), (52.493,13.292,47))
CompactBuffer((52.523,13.434,67), (52.523,13.434,67), (52.523,13.434,67), (52.523,13.434,67), (52.523,13.434,67), (52.523,13.434,67))
CompactBuffer((52.459,13.4,5), (52.459,13.4,5), (52.459,13.4,5), (52.46,13.4,5), (52.459,13.4,5))
CompactBuffer((52.462,13.326,173), (52.462,13.326,173), (52.462,13.326,173))
CompactBuffer((52.51,13.38,27), (52.51,13.381,27), (52.51,13.381,27), (52.51,13.381,27), (52.51,13.379,27), (52.51,13.381,27), (52.511,13.382,27), (52.51,13.382,27), (52.511,13.38,27), (52.511,13.38,27), (52.511,13.38,27), (52.51,13.379,27), (52.51,13.381,27))
CompactBuffer((52.53,13.519,18), (52.529,13.519,18))
CompactBuffer((52.514,13.412,32))
CompactBuffer((52.541,13.369,85), (52.541,13.37,85), (52.542,13.369,85), (52.541,13.368,85), (52.54,13.371,85), (52.54,13.371,85), (52.54,13.37,85), (52.541,13.369,85), (52.541,13.369,85), (52.541,13.368,85), (52.54,13.369,85), (52.54,13.369,85))
CompactBuffer((52.354,13.307,54), (52.354,13.307,54), (52.355,13.307,54), (52.355,13.307,54), (52.353,13.307,54))
CompactBuffer((52.52,13.346,72))
CompactBuffer((52.548,13.413,160), (52.548,13.413,160), (52.547,13.413,160), (52.548,13.413,160), (52.548,13.413,160), (52.547,13.413,160), (52.548,13.413,160), (52.546,13.413,160))
CompactBuffer((52.531,13.329,111), (52.531,13.328,111), (52.53,13.329,111), (52.529,13.329,111), (52.531,13.329,111), (52.531,13.329,111))
CompactBuffer((52.492,13.294,128), (52.492,13.294,128), (52.492,13.294,128), (52.492,13.294,128), (52.492,13.294,128))
CompactBuffer((52.536,13.434,119), (52.537,13.434,119))
CompactBuffer((52.515,13.419,76), (52.515,13.42,76), (52.514,13.42,76), (52.515,13.419,76), (52.515,13.419,76), (52.515,13.419,76), (52.514,13.42,76), (52.515,13.42,76), (52.515,13.42,76), (52.515,13.419,76), (52.515,13.419,76), (52.515,13.419,76), (52.515,13.419,76))
CompactBuffer((52.511,13.435,94), (52.511,13.435,94), (52.511,13.435,94), (52.511,13.434,94), (52.511,13.435,94), (52.511,13.435,94), (52.511,13.435,94), (52.509,13.435,94), (52.512,13.434,94), (52.51,13.434,94), (52.511,13.435,94), (52.511,13.435,94), (52.51,13.435,94), (52.511,13.435,94), (52.511,13.435,94), (52.511,13.434,94))
CompactBuffer((52.372,13.136,205), (52.372,13.136,205), (52.371,13.136,205), (52.372,13.136,205), (52.372,13.136,205))
CompactBuffer((52.42,13.161,177), (52.42,13.16,177), (52.42,13.16,177))
CompactBuffer((52.505,13.614,117), (52.505,13.614,117), (52.505,13.615,117), (52.505,13.614,117))
CompactBuffer((52.51,13.282,69))
CompactBuffer((52.511,13.303,157), (52.511,13.304,157), (52.511,13.303,157), (52.511,13.303,157), (52.511,13.303,157))
CompactBuffer((52.529,13.306,14), (52.53,13.306,14), (52.53,13.306,14), (52.529,13.306,14), (52.529,13.307,14))
CompactBuffer((52.498,13.297,162), (52.498,13.296,162), (52.498,13.296,162), (52.498,13.298,162), (52.498,13.298,162), (52.497,13.296,162), (52.499,13.296,162))
CompactBuffer((52.44,13.582,159), (52.44,13.582,159), (52.44,13.582,159), (52.44,13.582,159), (52.44,13.582,159), (52.44,13.582,159))
CompactBuffer((52.438,13.263,98), (52.438,13.263,98), (52.439,13.263,98), (52.439,13.263,98), (52.439,13.263,98))
CompactBuffer((52.522,13.342,203), (52.523,13.342,203), (52.523,13.342,203), (52.521,13.342,203), (52.523,13.342,203))
CompactBuffer((52.463,13.321,7), (52.463,13.321,7), (52.463,13.32,7), (52.463,13.32,7), (52.463,13.32,7))
CompactBuffer((52.462,13.408,199), (52.462,13.408,199), (52.462,13.408,199), (52.462,13.409,199), (52.462,13.409,199))
CompactBuffer((52.505,13.304,113), (52.505,13.305,113), (52.505,13.303,113), (52.505,13.303,113))
CompactBuffer((52.396,13.049,36), (52.396,13.049,36), (52.396,13.049,36), (52.396,13.048,36), (52.396,13.048,36), (52.396,13.049,36))
CompactBuffer((52.482,13.439,120), (52.482,13.439,120))
CompactBuffer((52.492,13.32,56), (52.492,13.32,56), (52.493,13.32,56), (52.493,13.32,56), (52.492,13.32,56), (52.492,13.32,56), (52.492,13.32,56))
CompactBuffer((52.501,13.346,16), (52.501,13.347,16), (52.501,13.347,16), (52.501,13.347,16), (52.501,13.346,16), (52.501,13.347,16), (52.501,13.346,16), (52.501,13.347,16))
CompactBuffer((52.501,13.442,92), (52.501,13.442,92), (52.501,13.442,92), (52.501,13.442,92), (52.501,13.442,92))
CompactBuffer((52.289,13.629,164), (52.289,13.629,164))
CompactBuffer((52.493,13.388,9), (52.493,13.388,9), (52.493,13.388,9), (52.493,13.388,9), (52.494,13.389,9), (52.494,13.389,9), (52.494,13.388,9), (52.494,13.389,9), (52.493,13.388,9), (52.493,13.388,9), (52.493,13.388,9))
CompactBuffer((52.525,13.369,3), (52.525,13.367,3), (52.525,13.367,3), (52.525,13.369,3), (52.525,13.369,3), (52.525,13.369,3), (52.525,13.368,3), (52.525,13.369,3), (52.525,13.369,3), (52.527,13.369,3), (52.524,13.37,3), (52.524,13.37,3), (52.525,13.369,3), (52.526,13.37,3), (52.525,13.369,3), (52.525,13.37,3), (52.525,13.369,3), (52.525,13.369,3), (52.525,13.369,3), (52.525,13.369,3), (52.524,13.37,3), (52.525,13.369,3), (52.525,13.369,3), (52.525,13.369,3), (52.525,13.369,3), (52.526,13.369,3))
CompactBuffer((52.447,13.559,34))
CompactBuffer((52.503,13.365,175), (52.504,13.365,175), (52.502,13.365,175), (52.503,13.366,175))
CompactBuffer((52.495,13.395,135), (52.496,13.395,135), (52.496,13.395,135), (52.496,13.395,135), (52.496,13.395,135), (52.496,13.395,135))
CompactBuffer((52.492,13.372,30), (52.492,13.372,30), (52.492,13.371,30), (52.492,13.372,30), (52.492,13.372,30))
CompactBuffer((52.525,13.421,184), (52.525,13.42,184), (52.524,13.419,184), (52.526,13.421,184), (52.525,13.42,184), (52.525,13.421,184), (52.525,13.421,184), (52.527,13.422,184), (52.527,13.422,184), (52.524,13.421,184), (52.525,13.42,184), (52.525,13.419,184), (52.527,13.422,184), (52.527,13.422,184), (52.527,13.421,184))
CompactBuffer((52.511,13.417,171), (52.51,13.416,171), (52.511,13.415,171), (52.512,13.418,171), (52.512,13.417,171), (52.511,13.416,171), (52.512,13.417,171), (52.513,13.417,171), (52.511,13.417,171), (52.511,13.417,171))
CompactBuffer((52.537,13.394,1), (52.537,13.393,1), (52.537,13.394,1), (52.537,13.393,1), (52.537,13.393,1), (52.537,13.393,1), (52.537,13.393,1), (52.537,13.393,1), (52.537,13.393,1), (52.537,13.393,1), (52.537,13.393,1))
CompactBuffer((52.509,13.326,153), (52.509,13.326,153), (52.509,13.327,153), (52.509,13.327,153), (52.509,13.327,153), (52.509,13.326,153))
CompactBuffer((52.426,13.546,10), (52.426,13.546,10), (52.427,13.546,10), (52.426,13.547,10), (52.426,13.546,10))
CompactBuffer((52.514,13.349,29), (52.514,13.35,29), (52.514,13.348,29), (52.514,13.348,29), (52.514,13.35,29), (52.513,13.349,29), (52.515,13.348,29), (52.515,13.348,29), (52.514,13.348,29), (52.514,13.349,29))
CompactBuffer((52.459,13.457,139), (52.46,13.457,139), (52.46,13.457,139), (52.46,13.457,139), (52.459,13.458,139), (52.46,13.457,139))
CompactBuffer((52.521,13.328,155), (52.521,13.328,155), (52.521,13.328,155), (52.522,13.328,155), (52.522,13.328,155), (52.522,13.329,155))
CompactBuffer((52.562,13.33,179), (52.563,13.329,179), (52.563,13.33,179), (52.562,13.329,179), (52.563,13.331,179), (52.563,13.331,179), (52.562,13.331,179), (52.563,13.33,179))
CompactBuffer((52.526,13.388,21), (52.526,13.388,21), (52.527,13.386,21), (52.526,13.387,21), (52.526,13.387,21), (52.527,13.388,21), (52.526,13.386,21), (52.527,13.388,21), (52.526,13.387,21), (52.526,13.387,21), (52.527,13.387,21), (52.525,13.388,21), (52.525,13.388,21), (52.527,13.386,21))
CompactBuffer((52.512,13.408,186), (52.512,13.409,186), (52.512,13.409,186), (52.512,13.409,186), (52.512,13.409,186))
CompactBuffer((52.509,13.272,90), (52.509,13.273,90), (52.509,13.271,90), (52.509,13.272,90), (52.51,13.272,90), (52.51,13.273,90), (52.51,13.273,90), (52.51,13.273,90))
CompactBuffer((52.392,13.222,106), (52.392,13.222,106), (52.392,13.221,106), (52.392,13.222,106), (52.392,13.222,106))
CompactBuffer((52.507,13.392,137), (52.507,13.392,137), (52.507,13.391,137), (52.507,13.392,137), (52.506,13.391,137), (52.507,13.391,137), (52.507,13.391,137), (52.507,13.391,137), (52.505,13.391,137), (52.507,13.391,137))
CompactBuffer((52.549,13.39,100), (52.549,13.39,100), (52.549,13.39,100), (52.549,13.389,100), (52.549,13.389,100), (52.549,13.39,100))
CompactBuffer((52.499,13.308,146), (52.499,13.308,146), (52.497,13.308,146), (52.499,13.306,146), (52.5,13.308,146), (52.498,13.307,146), (52.498,13.307,146), (52.5,13.307,146), (52.5,13.31,146), (52.5,13.307,146), (52.5,13.307,146), (52.497,13.309,146), (52.5,13.306,146), (52.5,13.308,146), (52.497,13.308,146), (52.5,13.306,146), (52.5,13.307,146), (52.498,13.308,146), (52.5,13.309,146), (52.5,13.309,146), (52.497,13.307,146), (52.5,13.307,146))
CompactBuffer((52.464,13.318,142), (52.464,13.317,142), (52.464,13.317,142), (52.464,13.317,142), (52.464,13.317,142), (52.464,13.318,142), (52.464,13.318,142))
CompactBuffer((52.537,13.449,124), (52.537,13.449,124), (52.537,13.45,124), (52.537,13.45,124))
CompactBuffer((52.498,13.362,151), (52.498,13.363,151), (52.498,13.363,151), (52.497,13.362,151), (52.499,13.362,151), (52.498,13.361,151), (52.499,13.362,151), (52.497,13.362,151), (52.498,13.362,151), (52.498,13.363,151))
CompactBuffer((52.505,13.408,52), (52.504,13.408,52))
CompactBuffer((52.502,13.322,58), (52.502,13.322,58), (52.502,13.323,58), (52.503,13.322,58), (52.501,13.322,58))
CompactBuffer((52.563,13.327,50), (52.563,13.327,50), (52.563,13.326,50), (52.563,13.326,50), (52.562,13.327,50), (52.562,13.327,50), (52.563,13.327,50))
CompactBuffer((52.519,13.3,87), (52.52,13.299,87), (52.519,13.302,87), (52.519,13.302,87), (52.519,13.301,87), (52.519,13.301,87), (52.519,13.303,87), (52.519,13.303,87), (52.52,13.3,87), (52.52,13.3,87), (52.52,13.3,87), (52.519,13.301,87), (52.519,13.3,87))
CompactBuffer((52.503,13.469,195), (52.504,13.469,195), (52.504,13.469,195), (52.503,13.469,195), (52.503,13.469,195), (52.503,13.469,195), (52.503,13.469,195), (52.503,13.469,195), (52.503,13.469,195), (52.503,13.469,195), (52.504,13.468,195))
CompactBuffer((52.508,13.39,197), (52.508,13.39,197), (52.508,13.39,197), (52.51,13.388,197), (52.509,13.39,197), (52.509,13.39,197), (52.51,13.391,197), (52.51,13.389,197), (52.509,13.39,197), (52.51,13.392,197), (52.51,13.392,197), (52.509,13.39,197), (52.509,13.39,197), (52.51,13.388,197), (52.51,13.39,197), (52.51,13.39,197), (52.507,13.389,197), (52.51,13.39,197), (52.508,13.389,197))
CompactBuffer((52.489,13.299,78), (52.489,13.298,78), (52.489,13.298,78), (52.488,13.299,78), (52.488,13.299,78))
CompactBuffer((52.506,13.38,12), (52.506,13.38,12), (52.506,13.38,12), (52.506,13.379,12))
CompactBuffer((52.512,13.322,38), (52.513,13.321,38), (52.513,13.323,38), (52.513,13.323,38), (52.513,13.322,38), (52.512,13.322,38), (52.513,13.322,38), (52.512,13.322,38))
CompactBuffer((52.565,13.328,122), (52.565,13.328,122), (52.564,13.328,122), (52.564,13.328,122), (52.564,13.328,122), (52.564,13.328,122))
CompactBuffer((52.51,13.385,43), (52.51,13.385,43), (52.511,13.384,43), (52.511,13.384,43), (52.511,13.384,43), (52.511,13.384,43), (52.511,13.384,43), (52.511,13.384,43), (52.51,13.386,43), (52.51,13.384,43), (52.51,13.385,43), (52.51,13.384,43), (52.51,13.385,43), (52.511,13.384,43), (52.51,13.383,43), (52.51,13.385,43))
CompactBuffer((52.517,13.355,144), (52.517,13.355,144), (52.517,13.355,144), (52.517,13.355,144), (52.517,13.355,144))
CompactBuffer((52.506,13.352,70), (52.506,13.352,70), (52.506,13.352,70), (52.506,13.352,70), (52.505,13.353,70), (52.505,13.352,70), (52.505,13.352,70), (52.508,13.352,70), (52.506,13.352,70), (52.506,13.352,70), (52.507,13.352,70), (52.508,13.352,70))
CompactBuffer((52.507,13.398,74), (52.506,13.398,74), (52.506,13.398,74), (52.508,13.399,74), (52.507,13.399,74), (52.507,13.398,74), (52.506,13.397,74))
CompactBuffer((52.508,13.309,126), (52.506,13.307,126), (52.508,13.31,126), (52.507,13.307,126), (52.508,13.31,126), (52.506,13.306,126), (52.507,13.308,126), (52.507,13.308,126), (52.507,13.308,126), (52.507,13.309,126), (52.507,13.309,126), (52.506,13.306,126), (52.506,13.306,126), (52.506,13.306,126))
CompactBuffer((52.479,13.32,102), (52.479,13.321,102), (52.478,13.32,102), (52.478,13.32,102), (52.478,13.319,102), (52.478,13.32,102))
