(134,(5,3))
(130,(4,2))
(66,(6,2))
(138,(7,5))
(170,(1,1))
(104,(2,5))
(24,(6,9))
(152,(1,1))
(146,(5,8))
(140,(4,5))
(204,(3,2))
(74,(5,4))
(90,(2,2))
(20,(2,6))
(12,(1,1))
(38,(2,7))
(94,(4,5))
(162,(2,1))
(192,(3,2))
(100,(1,1))
(160,(2,2))
(112,(6,6))
(184,(4,3))
(22,(1,1))
(200,(1,2))
(166,(6,3))
(46,(3,1))
(142,(1,1))
(194,(1,1))
(62,(2,3))
(172,(2,2))
(126,(3,4))
(118,(1,3))
(40,(1,4))
(6,(1,2))
(86,(2,3))
(58,(2,3))
(136,(3,3))
(60,(7,4))
(198,(2,2))
(176,(2,1))
(26,(4,3))
(16,(5,4))
(156,(4,3))
(28,(2,2))
(30,(1,1))
(50,(3,2))
(92,(1,3))
(64,(1,3))
(110,(2,1))
(154,(4,3))
(132,(3,2))
(70,(3,4))
(144,(3,3))
(10,(1,1))
(148,(2,2))
(56,(2,2))
(76,(5,2))
(182,(2,2))
(116,(3,4))
(48,(4,3))
(32,(1,1))
(42,(1,1))
(102,(1,2))
(206,(19,15))
(174,(5,2))
(44,(1,1))
(68,(3,6))
