(19,(1,1))
(151,(8,4))
(101,(2,3))
(129,(1,1))
(193,(7,3))
(71,(1,2))
(153,(2,3))
(105,(6,5))
(171,(2,4))
(11,(1,1))
(111,(4,3))
(175,(2,1))
(37,(11,9))
(185,(1,1))
(195,(3,6))
(1,(2,4))
(63,(5,3))
(89,(3,5))
(203,(2,1))
(103,(5,5))
(199,(2,2))
(21,(6,4))
(139,(3,3))
(77,(2,1))
(53,(2,1))
(131,(5,2))
(93,(4,4))
(33,(3,3))
(113,(2,2))
(23,(1,1))
(67,(1,5))
(3,(11,9))
(85,(2,3))
(31,(1,2))
(87,(3,3))
(197,(8,8))
(119,(2,1))
(189,(1,3))
(81,(2,2))
(137,(2,4))
(55,(4,5))
(29,(5,5))
(79,(1,5))
(121,(6,5))
(179,(3,3))
(51,(1,2))
(149,(3,4))
(133,(3,2))
(9,(5,1))
(109,(7,5))
(43,(5,10))
(115,(7,7))
(187,(3,6))
(15,(2,2))
(47,(3,1))
(97,(8,5))
(95,(3,1))
(73,(2,3))
(27,(5,3))
(181,(3,3))
(141,(2,4))
(143,(2,4))
(163,(6,4))
(7,(2,1))
(155,(1,2))
(147,(6,6))
