CompactBuffer((88,15), (88,138), (88,203))
CompactBuffer((118,26), (118,89), (118,182))
CompactBuffer((202,132), (202,146))
CompactBuffer((116,109), (116,137), (116,140), (116,87))
CompactBuffer((19,66))
CompactBuffer((42,130))
CompactBuffer((53,103))
CompactBuffer((190,97))
CompactBuffer((154,174), (154,206), (154,3), (154,3))
CompactBuffer((6,126), (6,115))
CompactBuffer((130,9), (130,63))
CompactBuffer((149,93), (149,105), (149,21), (149,95))
CompactBuffer((134,163), (134,151), (134,131))
CompactBuffer((37,112), (37,27), (37,76), (37,21), (37,126), (37,115), (37,206), (37,32), (37,116))
CompactBuffer((138,181), (138,151), (138,206), (138,134), (138,43))
CompactBuffer((204,146), (204,105))
CompactBuffer((170,109))
CompactBuffer((187,66), (187,33), (187,66), (187,193), (187,147), (187,30), (187,156))
CompactBuffer((163,166), (163,199), (163,139), (163,51))
CompactBuffer((86,181), (86,50), (86,160))
CompactBuffer((93,206), (93,147), (93,110), (93,105), (93,206))
CompactBuffer((62,55), (62,47), (62,110))
CompactBuffer((46,83))
CompactBuffer((185,136))
CompactBuffer((28,22), (28,179))
CompactBuffer((59,42), (59,131), (59,197))
CompactBuffer((176,25))
CompactBuffer((66,149), (66,43), (66,149))
CompactBuffer((44,136))
CompactBuffer((172,63), (172,37))
CompactBuffer((121,24), (121,76), (121,195), (121,24), (121,119), (121,154))
CompactBuffer((24,131), (24,175), (24,118), (24,81), (24,47), (24,56), (24,182), (24,138), (24,3))
CompactBuffer((110,37))
CompactBuffer((200,48), (200,197))
CompactBuffer((77,206))
CompactBuffer((136,103), (136,98), (136,142))
CompactBuffer((109,58), (109,104), (109,3), (109,87), (109,174), (109,104))
CompactBuffer((11,193))
CompactBuffer((189,206), (189,130), (189,148))
CompactBuffer((143,87), (143,38), (143,109), (143,70))
CompactBuffer((64,102), (64,116), (64,97))
CompactBuffer((132,144), (132,46))
CompactBuffer((13,166), (13,34))
CompactBuffer((158,9))
CompactBuffer((60,29), (60,166), (60,175), (60,140))
CompactBuffer((105,85), (105,149), (105,149), (105,37), (105,67), (105,21))
CompactBuffer((101,56), (101,84), (101,14))
CompactBuffer((20,97), (20,65), (20,62), (20,133), (20,94), (20,125))
CompactBuffer((15,24), (15,10))
CompactBuffer((48,176), (48,147), (48,189))
CompactBuffer((112,43), (112,9), (112,76), (112,206), (112,206), (112,204), (112,187))
CompactBuffer((35,55), (35,143))
CompactBuffer((97,16), (97,194), (97,170), (97,194), (97,64), (97,146))
CompactBuffer((174,126), (174,157))
CompactBuffer((206,95), (206,60), (206,184), (206,197), (206,46), (206,3), (206,26), (206,108), (206,197), (206,93), (206,105), (206,121), (206,184), (206,94), (206,1), (206,138), (206,154), (206,93), (206,154))
CompactBuffer((147,27), (147,33), (147,206), (147,163), (147,12), (147,121))
CompactBuffer((55,206), (55,116), (55,48), (55,97), (55,155))
CompactBuffer((103,46), (103,97), (103,97), (103,136), (103,138), (103,7))
CompactBuffer((40,79), (40,14), (40,172), (40,84))
CompactBuffer((71,144), (71,187))
CompactBuffer((79,97), (79,115), (79,70), (79,147), (79,119))
CompactBuffer((31,73), (31,114), (31,114))
CompactBuffer((141,195), (141,154), (141,108), (141,201))
CompactBuffer((26,37), (26,206), (26,184))
CompactBuffer((51,139), (51,38))
CompactBuffer((123,206), (123,9))
CompactBuffer((68,3), (68,172), (68,134), (68,37), (68,100), (68,203))
CompactBuffer((156,31), (156,193), (156,146))
CompactBuffer((33,92), (33,9), (33,77))
CompactBuffer((73,16), (73,7), (73,166))
CompactBuffer((17,206))
CompactBuffer((152,58), (152,58))
CompactBuffer((181,148), (181,204), (181,21))
CompactBuffer((194,66))
CompactBuffer((192,129), (192,37))
CompactBuffer((183,141), (183,3))
CompactBuffer((95,43))
CompactBuffer((22,184))
CompactBuffer((198,40), (198,125))
CompactBuffer((129,36))
