(52.5086,13.3228,202)
(52.499,13.335000000000003,118)
(52.49885714285715,13.380714285714285,116)
(52.511,13.292499999999999,82)
(52.49975,13.351,19)
(52.5415,13.544,42)
(52.460800000000006,13.4164,190)
(52.52300000000001,13.40857142857143,154)
(52.51211111111112,13.48911111111111,62)
(52.502875,13.340124999999999,134)
(52.553399999999996,13.088,165)
(52.48962499999999,13.345125000000001,46)
(52.51111111111112,13.401333333333332,138)
(52.505,13.589333333333334,127)
(52.49227272727273,13.458454545454545,163)
(52.52909090909091,13.409545454545453,93)
(52.56357142857143,13.364285714285716,28)
(52.502,13.417333333333334,59)
(52.507000000000005,13.451499999999998,121)
(52.49391666666667,13.330916666666667,24)
(52.501625,13.276625,136)
(52.55460000000001,13.289999999999997,84)
(52.4894,13.528,13)
(52.45600000000001,13.370333333333335,11)
(52.49,13.301,150)
(52.530384615384605,13.400615384615387,105)
(52.51100000000001,13.396363636363638,60)
(52.548,13.2974,101)
(52.51426666666667,13.475599999999998,20)
(52.51285714285713,13.424428571428573,48)
(52.509125000000004,13.375937500000003,112)
(52.47030000000002,13.3857,97)
(52.51816666666668,13.428916666666666,147)
(52.47866666666667,13.344533333333333,103)
(52.482400000000005,13.2898,178)
(52.5168,13.394400000000001,71)
(52.541222222222224,13.295888888888888,79)
(52.49499999999999,13.335000000000003,31)
(52.51685714285715,13.409000000000002,26)
(52.5264,13.340799999999998,22)
(52.43,13.426999999999998,196)
(52.5126,13.377,33)
(52.51316666666667,13.286166666666666,167)
(52.5075,13.363,73)
(52.501000000000005,13.313555555555558,152)
(52.521,13.372,183)
(52.476,13.3645,99)
(52.493399999999994,13.526,125)
(52.49400000000001,13.309833333333332,198)
(52.398625,13.053125,129)
(52.5295,13.381,91)
(52.46314285714285,13.339142857142857,88)
(52.3515,13.104,4)
(52.5517142857143,13.465999999999998,80)
(52.452,13.422999999999998,107)
(52.506,13.311499999999999,145)
(52.4828,13.319999999999999,53)
(52.51166666666666,13.314333333333332,6)
(52.51433333333333,13.406166666666666,130)
(52.52928571428572,13.405,149)
(52.520319999999984,13.3872,37)
(52.53199999999999,13.3805,204)
(52.43099999999999,13.2585,170)
(52.51700000000001,13.3856,187)
(52.54,13.402199999999999,86)
(52.663000000000004,13.283,2)
(52.513,13.2808,185)
(52.516428571428584,13.453999999999999,176)
(52.51722222222222,13.376888888888889,66)
(52.496500000000005,13.289000000000001,44)
(52.54299999999999,13.366200000000001,172)
(52.53444444444444,13.195666666666666,110)
(52.510625000000005,13.42925,200)
(52.5894,13.2852,39)
(52.51933333333333,13.401333333333334,77)
(52.505720000000004,13.331959999999999,109)
(52.499857142857145,13.331000000000001,143)
(52.52525,13.4035,189)
(52.44857142857143,13.379000000000001,64)
(52.507124999999995,13.302249999999997,132)
(52.4852857142857,13.331000000000001,158)
(52.399,13.545,8)
(52.517399999999995,13.5412,57)
(52.292,14.063,169)
(52.470000000000006,13.3306,15)
(52.39399999999999,13.084200000000001,75)
(52.452,13.452000000000002,35)
(52.514,13.336,174)
(52.521433333333306,13.413466666666674,206)
(52.50288888888888,13.44688888888889,55)
(52.55366666666667,13.29277777777778,40)
(52.461000000000006,13.503666666666668,51)
(52.501285714285714,13.477999999999998,141)
(52.528,13.424,123)
(52.54606250000002,13.358875000000003,68)
(52.50511111111111,13.318444444444443,192)
(52.49671428571428,13.324142857142856,156)
(52.56699999999999,13.3118,17)
(52.53028571428571,13.383857142857142,181)
(52.4384,13.388,194)
(52.51987499999999,13.404875,95)
(52.49400000000001,13.3246,114)
(52.525,13.363,161)
(52.522,13.588,180)
(52.534,13.488,188)
(52.49466666666667,13.461999999999998,201)
(52.611,13.31775,96)
(52.52233333333335,13.378476190476192,115)
(52.432,13.555,168)
(52.50190909090909,13.343272727272728,104)
(52.519,13.374,45)
(52.51700000000001,13.344,182)
(52.49766666666667,13.395555555555555,131)
(52.499,13.371200000000002,41)
(52.49066666666667,13.314333333333332,83)
(52.4602,13.385,191)
(52.47230769230768,13.366692307692308,193)
(52.4988888888889,13.41788888888889,89)
(52.494,13.354,61)
(52.463,13.4442,81)
(52.511,13.5,25)
(52.532999999999994,13.397999999999998,148)
(52.517181818181825,13.440636363636365,166)
(52.50272727272728,13.375181818181817,140)
(52.54042857142857,13.412000000000003,63)
(52.565,13.393666666666666,133)
(52.315200000000004,13.601999999999999,65)
(52.412400000000005,13.362200000000001,23)
(52.45920000000001,13.5802,108)
(52.5055,13.562,49)
(52.49300000000001,13.2922,47)
(52.523,13.434,67)
(52.45920000000001,13.4,5)
(52.46200000000001,13.326,173)
(52.51030769230769,13.380538461538462,27)
(52.5295,13.519,18)
(52.514,13.412,32)
(52.54066666666666,13.369333333333332,85)
(52.35419999999999,13.306999999999999,54)
(52.52,13.346,72)
(52.54750000000001,13.412999999999998,160)
(52.530499999999996,13.328833333333336,111)
(52.492,13.294,128)
(52.536500000000004,13.434,119)
(52.51484615384615,13.419384615384617,76)
(52.51081249999999,13.434750000000001,94)
(52.37180000000001,13.136,205)
(52.419999999999995,13.160333333333332,177)
(52.505,13.614250000000002,117)
(52.51,13.282,69)
(52.511,13.303199999999999,157)
(52.529399999999995,13.306199999999999,14)
(52.498000000000005,13.296714285714286,162)
(52.44,13.581999999999999,159)
(52.438599999999994,13.263,98)
(52.522400000000005,13.342000000000002,203)
(52.463,13.320400000000001,7)
(52.462,13.4084,199)
(52.505,13.30375,113)
(52.39600000000001,13.048666666666668,36)
(52.482,13.439,120)
(52.49228571428572,13.319999999999997,56)
(52.50099999999999,13.346625,16)
(52.501,13.442000000000002,92)
(52.289,13.629,164)
(52.49336363636365,13.388272727272728,9)
(52.525038461538465,13.369000000000007,3)
(52.447,13.559,34)
(52.503,13.36525,175)
(52.49583333333333,13.394999999999998,135)
(52.492,13.371800000000002,30)
(52.525600000000004,13.420799999999996,184)
(52.5114,13.4167,171)
(52.53699999999999,13.39318181818182,1)
(52.50900000000001,13.326500000000001,153)
(52.426199999999994,13.546199999999999,10)
(52.5141,13.3487,29)
(52.459666666666664,13.457166666666666,139)
(52.521499999999996,13.328166666666666,155)
(52.562625,13.330125,179)
(52.52621428571429,13.387214285714288,21)
(52.512,13.4088,186)
(52.509499999999996,13.272374999999998,90)
(52.39200000000001,13.221799999999998,106)
(52.5067,13.391300000000001,137)
(52.549,13.389666666666665,100)
(52.49904545454546,13.307590909090909,146)
(52.464,13.31742857142857,142)
(52.537,13.4495,124)
(52.498000000000005,13.362199999999998,151)
(52.5045,13.408,52)
(52.501999999999995,13.3222,58)
(52.562714285714286,13.326714285714287,50)
(52.51930769230769,13.300923076923077,87)
(52.50327272727272,13.468909090909087,195)
(52.50915789473684,13.389894736842106,197)
(52.4886,13.298599999999999,78)
(52.506,13.37975,12)
(52.512625,13.322125000000002,38)
(52.56433333333334,13.328000000000001,122)
(52.5104375,13.384375,43)
(52.51700000000001,13.355,144)
(52.506166666666665,13.352083333333335,70)
(52.50671428571429,13.398142857142858,74)
(52.506857142857136,13.307785714285716,126)
(52.47833333333333,13.319999999999999,102)
