Edge(1,93,1)
Edge(3,16,1)
Edge(3,37,1)
Edge(3,113,1)
Edge(3,192,1)
Edge(3,195,1)
Edge(3,206,2)
Edge(7,198,1)
Edge(10,139,1)
Edge(13,34,1)
Edge(15,10,1)
Edge(16,19,1)
Edge(16,151,1)
Edge(17,206,1)
Edge(20,65,1)
Edge(20,97,1)
Edge(20,125,1)
Edge(21,63,1)
Edge(21,86,1)
Edge(21,105,1)
Edge(24,3,1)
Edge(24,56,1)
Edge(24,81,1)
Edge(24,118,1)
Edge(24,131,1)
Edge(24,138,1)
Edge(24,182,1)
Edge(26,37,1)
Edge(26,184,1)
Edge(27,112,1)
Edge(27,171,1)
Edge(29,27,1)
Edge(29,131,1)
Edge(30,29,1)
Edge(31,73,1)
Edge(32,55,1)
Edge(33,92,1)
Edge(37,21,1)
Edge(37,76,1)
Edge(37,115,1)
Edge(37,116,1)
Edge(38,6,1)
Edge(38,115,1)
Edge(40,79,1)
Edge(40,84,1)
Edge(43,29,1)
Edge(43,66,1)
Edge(43,97,1)
Edge(43,112,1)
Edge(43,115,1)
Edge(43,131,1)
Edge(43,138,1)
Edge(43,151,1)
Edge(44,136,1)
Edge(46,83,1)
Edge(48,147,1)
Edge(48,176,1)
Edge(50,101,1)
Edge(50,179,1)
Edge(55,97,1)
Edge(55,116,1)
Edge(55,206,1)
Edge(56,44,1)
Edge(56,60,1)
Edge(58,132,1)
Edge(59,42,1)
Edge(59,131,1)
Edge(60,166,1)
Edge(63,86,1)
Edge(63,179,1)
Edge(64,97,1)
Edge(64,102,1)
Edge(66,43,1)
Edge(67,62,1)
Edge(68,37,1)
Edge(68,100,1)
Edge(70,3,1)
Edge(70,66,1)
Edge(70,134,1)
Edge(70,140,1)
Edge(71,187,1)
Edge(73,7,1)
Edge(73,16,1)
Edge(73,166,1)
Edge(74,80,1)
Edge(76,121,2)
Edge(76,174,1)
Edge(79,70,1)
Edge(79,115,1)
Edge(79,147,1)
Edge(85,3,1)
Edge(85,28,1)
Edge(85,89,1)
Edge(86,160,1)
Edge(87,50,1)
Edge(87,90,1)
Edge(88,15,1)
Edge(88,138,1)
Edge(89,81,1)
Edge(89,138,1)
Edge(90,109,1)
Edge(90,167,1)
Edge(92,74,1)
Edge(92,94,1)
Edge(93,105,1)
Edge(93,147,1)
Edge(93,206,2)
Edge(94,16,1)
Edge(94,48,1)
Edge(97,64,1)
Edge(97,146,1)
Edge(101,14,1)
Edge(101,84,1)
Edge(102,24,1)
Edge(102,53,1)
Edge(103,7,1)
Edge(103,97,2)
Edge(104,27,2)
Edge(104,41,1)
Edge(104,55,1)
Edge(104,151,1)
Edge(105,21,1)
Edge(105,67,1)
Edge(105,85,1)
Edge(105,149,2)
Edge(109,174,1)
Edge(111,97,1)
Edge(111,152,1)
Edge(111,174,1)
Edge(112,43,1)
Edge(115,1,1)
Edge(115,77,1)
Edge(115,109,1)
Edge(115,147,1)
Edge(115,197,1)
Edge(116,87,1)
Edge(116,137,1)
Edge(117,121,1)
Edge(118,26,1)
Edge(118,89,1)
Edge(118,182,1)
Edge(119,74,1)
Edge(121,119,1)
Edge(124,193,1)
Edge(126,3,1)
Edge(126,95,2)
Edge(126,157,1)
Edge(128,177,1)
Edge(130,63,1)
Edge(133,197,1)
Edge(134,163,1)
Edge(135,130,1)
Edge(136,98,1)
Edge(136,103,1)
Edge(136,142,1)
Edge(137,113,1)
Edge(137,154,1)
Edge(138,134,1)
Edge(138,151,1)
Edge(138,181,1)
Edge(139,101,1)
Edge(139,103,1)
Edge(140,16,1)
Edge(140,74,1)
Edge(140,122,1)
Edge(141,154,1)
Edge(141,195,1)
Edge(141,201,1)
Edge(143,38,1)
Edge(144,85,1)
Edge(144,206,1)
Edge(146,114,1)
Edge(146,132,1)
Edge(146,156,1)
Edge(146,185,1)
Edge(147,12,1)
Edge(147,121,1)
Edge(147,163,1)
Edge(149,21,1)
Edge(149,93,1)
Edge(149,105,1)
Edge(151,84,1)
Edge(153,115,1)
Edge(154,174,1)
Edge(155,14,1)
Edge(156,31,1)
Edge(156,146,1)
Edge(160,63,1)
Edge(160,206,1)
Edge(163,51,1)
Edge(166,76,1)
Edge(166,105,1)
Edge(166,200,1)
Edge(171,60,1)
Edge(171,71,1)
Edge(171,93,1)
Edge(172,37,1)
Edge(175,103,1)
Edge(179,204,1)
Edge(183,3,1)
Edge(183,141,1)
Edge(184,206,2)
Edge(185,136,1)
Edge(186,60,1)
Edge(187,30,1)
Edge(187,156,1)
Edge(189,130,1)
Edge(189,148,1)
Edge(190,97,1)
Edge(193,11,1)
Edge(193,163,1)
Edge(194,66,1)
Edge(195,20,1)
Edge(195,121,1)
Edge(195,141,1)
Edge(195,163,2)
Edge(197,27,2)
Edge(197,60,1)
Edge(197,80,1)
Edge(197,156,1)
Edge(200,48,1)
Edge(200,197,1)
Edge(202,132,1)
Edge(203,29,1)
Edge(204,105,1)
Edge(204,146,1)
Edge(206,60,1)
Edge(206,93,2)
Edge(206,105,1)
Edge(206,121,1)
Edge(206,138,1)
Edge(206,184,2)
Edge(206,197,2)
