Edge(1,70,1)
Edge(1,174,1)
Edge(1,176,2)
Edge(3,33,1)
Edge(3,94,1)
Edge(3,99,1)
Edge(5,193,1)
Edge(6,115,1)
Edge(6,126,1)
Edge(9,37,1)
Edge(11,193,1)
Edge(12,199,1)
Edge(13,166,1)
Edge(15,24,1)
Edge(16,37,1)
Edge(16,149,1)
Edge(19,66,1)
Edge(20,62,1)
Edge(20,94,1)
Edge(20,133,1)
Edge(21,181,1)
Edge(22,184,1)
Edge(23,166,1)
Edge(24,47,1)
Edge(24,175,1)
Edge(26,206,1)
Edge(27,197,1)
Edge(28,22,1)
Edge(28,179,1)
Edge(29,28,1)
Edge(29,112,1)
Edge(29,151,1)
Edge(31,114,2)
Edge(33,9,1)
Edge(33,77,1)
Edge(35,55,1)
Edge(35,143,1)
Edge(37,27,1)
Edge(37,32,1)
Edge(37,112,1)
Edge(37,126,1)
Edge(37,206,1)
Edge(38,60,1)
Edge(38,82,1)
Edge(38,104,1)
Edge(38,109,1)
Edge(38,111,1)
Edge(40,14,1)
Edge(40,172,1)
Edge(42,130,1)
Edge(43,76,1)
Edge(43,197,1)
Edge(45,112,1)
Edge(47,193,1)
Edge(48,189,1)
Edge(51,38,1)
Edge(51,139,1)
Edge(52,147,1)
Edge(53,103,1)
Edge(55,48,1)
Edge(55,155,1)
Edge(58,134,1)
Edge(58,143,1)
Edge(59,197,1)
Edge(60,29,1)
Edge(60,140,1)
Edge(60,175,1)
Edge(61,173,1)
Edge(62,47,1)
Edge(62,55,1)
Edge(62,110,1)
Edge(63,160,1)
Edge(64,116,1)
Edge(66,149,2)
Edge(67,21,1)
Edge(67,163,1)
Edge(67,184,1)
Edge(67,206,1)
Edge(68,3,1)
Edge(68,134,1)
Edge(68,172,1)
Edge(68,203,1)
Edge(71,144,1)
Edge(74,26,2)
Edge(74,140,1)
Edge(74,206,1)
Edge(77,206,1)
Edge(78,24,1)
Edge(79,97,1)
Edge(79,119,1)
Edge(81,111,1)
Edge(81,193,1)
Edge(86,50,1)
Edge(86,181,1)
Edge(87,8,1)
Edge(88,203,1)
Edge(89,109,1)
Edge(89,151,1)
Edge(89,163,1)
Edge(92,166,1)
Edge(93,110,1)
Edge(94,3,1)
Edge(94,121,1)
Edge(94,171,1)
Edge(95,43,1)
Edge(96,20,1)
Edge(96,24,1)
Edge(97,16,1)
Edge(97,170,1)
Edge(97,194,2)
Edge(100,133,1)
Edge(101,56,1)
Edge(103,46,1)
Edge(103,136,1)
Edge(103,138,1)
Edge(104,90,1)
Edge(105,37,1)
Edge(109,3,1)
Edge(109,58,1)
Edge(109,87,1)
Edge(109,104,2)
Edge(110,37,1)
Edge(112,9,1)
Edge(112,76,1)
Edge(112,187,1)
Edge(112,204,1)
Edge(112,206,2)
Edge(113,47,1)
Edge(113,192,1)
Edge(115,26,1)
Edge(115,37,1)
Edge(116,109,1)
Edge(116,140,1)
Edge(121,24,2)
Edge(121,76,1)
Edge(121,154,1)
Edge(121,195,1)
Edge(123,9,1)
Edge(123,206,1)
Edge(126,153,1)
Edge(128,192,1)
Edge(129,36,1)
Edge(130,9,1)
Edge(131,151,1)
Edge(131,187,1)
Edge(132,46,1)
Edge(132,144,1)
Edge(133,162,1)
Edge(134,131,1)
Edge(134,151,1)
Edge(135,74,1)
Edge(135,89,1)
Edge(135,138,1)
Edge(137,50,1)
Edge(137,66,1)
Edge(138,43,1)
Edge(138,206,1)
Edge(139,178,1)
Edge(140,37,1)
Edge(140,197,1)
Edge(141,108,1)
Edge(142,146,1)
Edge(143,70,1)
Edge(143,87,1)
Edge(143,109,1)
Edge(144,29,1)
Edge(146,53,1)
Edge(146,73,1)
Edge(146,134,1)
Edge(146,162,1)
Edge(147,27,1)
Edge(147,33,1)
Edge(147,206,1)
Edge(148,63,1)
Edge(148,111,1)
Edge(149,95,1)
Edge(151,112,1)
Edge(151,115,1)
Edge(151,144,1)
Edge(152,58,2)
Edge(153,15,1)
Edge(153,156,1)
Edge(154,3,2)
Edge(154,206,1)
Edge(155,68,1)
Edge(156,193,1)
Edge(158,9,1)
Edge(162,198,1)
Edge(163,139,1)
Edge(163,166,1)
Edge(163,199,1)
Edge(168,153,1)
Edge(170,109,1)
Edge(171,24,1)
Edge(172,63,1)
Edge(174,126,1)
Edge(174,157,1)
Edge(176,25,1)
Edge(179,21,1)
Edge(179,68,1)
Edge(181,21,1)
Edge(181,148,1)
Edge(181,204,1)
Edge(182,68,1)
Edge(182,111,1)
Edge(184,60,1)
Edge(184,130,1)
Edge(186,137,1)
Edge(187,33,1)
Edge(187,66,2)
Edge(187,147,1)
Edge(187,193,1)
Edge(189,206,1)
Edge(192,37,1)
Edge(192,129,1)
Edge(193,133,1)
Edge(195,99,1)
Edge(195,206,1)
Edge(197,3,1)
Edge(197,43,1)
Edge(197,74,2)
Edge(197,145,1)
Edge(198,40,1)
Edge(198,125,1)
Edge(199,48,1)
Edge(199,103,1)
Edge(202,146,1)
Edge(205,23,1)
Edge(206,1,1)
Edge(206,3,1)
Edge(206,26,1)
Edge(206,46,1)
Edge(206,94,1)
Edge(206,95,1)
Edge(206,108,1)
Edge(206,154,2)
