((1,1),(3,1),1)
((1,1),(6,1),1)
((2,1),(17,1),1)
((2,1),(45,1),1)
((2,1),(68,1),1)
((3,1),(26,1),1)
((4,1),(12,1),1)
((4,1),(13,1),1)
((7,1),(27,1),1)
((7,1),(43,1),1)
((8,1),(116,1),1)
((10,1),(5,1),2)
((10,1),(11,1),1)
((10,1),(19,1),2)
((10,1),(23,1),1)
((10,1),(77,1),1)
((11,1),(79,1),1)
((12,1),(22,1),1)
((12,1),(69,1),1)
((13,1),(12,1),1)
((13,1),(31,1),1)
((13,1),(59,1),1)
((14,1),(13,1),1)
((14,1),(97,1),1)
((15,1),(37,1),1)
((15,1),(67,1),1)
((16,1),(17,1),3)
((16,1),(36,1),1)
((16,1),(82,1),2)
((16,1),(102,1),1)
((16,1),(116,1),1)
((16,1),(120,1),1)
((17,1),(78,1),1)
((20,1),(15,1),1)
((21,1),(30,1),1)
((21,1),(41,1),1)
((22,1),(20,1),1)
((22,1),(31,1),1)
((22,1),(58,1),1)
((22,1),(72,1),1)
((22,1),(91,1),1)
((24,1),(65,1),1)
((25,1),(10,1),1)
((25,1),(19,1),2)
((26,1),(68,1),1)
((26,1),(77,1),1)
((27,1),(35,1),1)
((28,1),(14,1),1)
((29,1),(7,1),1)
((29,1),(37,1),1)
((29,1),(45,1),1)
((29,1),(69,1),1)
((29,1),(121,1),1)
((30,1),(25,1),1)
((30,1),(50,1),1)
((30,1),(54,1),1)
((31,1),(34,1),1)
((32,1),(84,1),1)
((32,1),(118,1),1)
((33,1),(6,1),1)
((33,1),(38,1),1)
((33,1),(116,1),1)
((34,1),(43,1),1)
((34,1),(118,1),1)
((35,1),(6,1),1)
((35,1),(60,1),1)
((36,1),(13,1),1)
((36,1),(42,1),2)
((36,1),(64,1),2)
((37,1),(7,1),1)
((37,1),(29,1),4)
((37,1),(63,1),1)
((37,1),(74,1),2)
((38,1),(30,1),1)
((38,1),(32,1),1)
((38,1),(76,1),1)
((39,1),(9,1),1)
((40,1),(8,1),1)
((40,1),(26,1),1)
((40,1),(36,1),3)
((40,1),(46,1),1)
((40,1),(55,1),1)
((41,1),(24,1),2)
((41,1),(63,1),1)
((41,1),(86,1),1)
((42,1),(22,1),1)
((43,1),(14,1),1)
((43,1),(47,1),1)
((44,1),(13,1),1)
((44,1),(30,1),1)
((44,1),(50,1),1)
((44,1),(113,1),1)
((45,1),(2,1),1)
((46,1),(41,1),1)
((47,1),(4,1),2)
((47,1),(20,1),1)
((48,1),(17,1),1)
((48,1),(60,1),1)
((48,1),(74,1),1)
((48,1),(80,1),1)
((49,1),(1,1),1)
((49,1),(39,1),1)
((49,1),(55,1),1)
((50,1),(16,1),1)
((50,1),(84,1),1)
((52,1),(30,1),1)
((52,1),(58,1),1)
((53,1),(71,1),1)
((55,1),(32,1),1)
((55,1),(36,1),1)
((55,1),(41,1),1)
((55,1),(94,1),1)
((56,1),(33,1),1)
((56,1),(36,1),1)
((56,1),(40,1),1)
((58,1),(25,1),1)
((58,1),(83,1),1)
((59,1),(10,1),1)
((60,1),(1,1),1)
((60,1),(6,1),1)
((60,1),(63,1),1)
((61,1),(33,1),1)
((61,1),(37,1),2)
((62,1),(55,1),1)
((63,1),(37,1),1)
((64,1),(14,1),1)
((64,1),(98,1),1)
((65,1),(10,1),1)
((66,1),(10,1),2)
((66,1),(44,1),1)
((67,1),(69,1),1)
((67,1),(73,1),1)
((67,1),(74,1),1)
((67,1),(79,1),1)
((67,1),(86,1),1)
((68,1),(26,1),1)
((68,1),(93,1),1)
((69,1),(41,1),2)
((69,1),(119,1),1)
((69,1),(121,1),1)
((70,1),(82,1),1)
((73,1),(10,1),1)
((73,1),(11,1),1)
((73,1),(24,1),1)
((73,1),(37,1),1)
((73,1),(68,1),1)
((73,1),(79,1),1)
((74,1),(24,1),1)
((74,1),(64,1),1)
((74,1),(88,1),1)
((75,1),(53,1),1)
((75,1),(56,1),1)
((75,1),(73,1),1)
((76,1),(32,1),1)
((77,1),(28,1),1)
((77,1),(44,1),1)
((78,1),(47,1),1)
((79,1),(29,1),1)
((80,1),(34,1),1)
((81,1),(10,1),1)
((83,1),(15,1),1)
((84,1),(116,1),1)
((85,1),(10,1),1)
((87,1),(14,1),1)
((88,1),(40,1),1)
((89,1),(17,1),1)
((89,1),(37,1),1)
((90,1),(17,1),1)
((90,1),(25,1),1)
((93,1),(5,1),1)
((93,1),(9,1),1)
((94,1),(19,1),1)
((94,1),(25,1),1)
((94,1),(55,1),1)
((96,1),(6,1),1)
((98,1),(17,1),1)
((99,1),(33,1),1)
((99,1),(56,1),1)
((103,1),(84,1),1)
((103,1),(91,1),1)
((104,1),(11,1),1)
((105,1),(2,1),1)
((105,1),(55,1),1)
((108,1),(9,1),1)
((108,1),(10,1),1)
((110,1),(13,1),1)
((111,1),(5,1),1)
((111,1),(12,1),1)
((111,1),(116,1),1)
((112,1),(9,1),1)
((112,1),(29,1),1)
((112,1),(99,1),1)
((113,1),(17,1),1)
((113,1),(75,1),1)
((113,1),(108,1),1)
((114,1),(73,1),1)
((116,1),(110,1),1)
((116,1),(120,1),1)
((117,1),(38,1),1)
((117,1),(56,1),1)
((119,1),(11,1),1)
((119,1),(24,1),1)
((119,1),(41,1),1)
((119,1),(46,1),2)
((120,1),(67,1),1)
((121,1),(9,1),1)
((121,1),(37,1),1)
((121,1),(60,1),1)
((121,1),(80,1),1)
