(34,34)
(134,1)
(130,1)
(66,1)
(80,80)
(138,1)
(170,1)
(104,1)
(14,14)
(24,1)
(152,1)
(146,1)
(140,1)
(202,202)
(204,1)
(74,1)
(90,1)
(20,1)
(12,1)
(38,1)
(94,1)
(162,1)
(192,1)
(100,1)
(160,1)
(112,1)
(184,1)
(22,1)
(200,1)
(166,1)
(46,46)
(142,1)
(194,1)
(62,1)
(172,1)
(126,1)
(118,1)
(190,190)
(40,1)
(186,186)
(6,1)
(86,1)
(58,1)
(114,114)
(136,1)
(60,1)
(198,1)
(176,176)
(26,1)
(168,168)
(96,96)
(52,52)
(16,1)
(82,82)
(156,1)
(158,158)
(28,1)
(98,98)
(30,1)
(50,1)
(92,1)
(36,36)
(64,1)
(110,1)
(154,1)
(132,1)
(70,1)
(108,108)
(78,78)
(144,1)
(178,178)
(10,1)
(148,1)
(84,84)
(122,122)
(56,1)
(76,1)
(182,1)
(116,1)
(48,1)
(128,128)
(32,1)
(42,42)
(102,1)
(124,124)
(206,1)
(8,8)
(174,1)
(44,1)
(88,88)
(68,1)
(19,1)
(151,1)
(101,1)
(129,129)
(193,1)
(71,1)
(153,1)
(105,1)
(171,1)
(125,125)
(157,157)
(65,65)
(11,1)
(35,35)
(111,1)
(175,1)
(37,1)
(185,1)
(195,1)
(201,201)
(1,1)
(63,1)
(89,1)
(17,17)
(203,1)
(103,1)
(199,1)
(145,145)
(99,99)
(41,41)
(21,1)
(139,1)
(77,1)
(53,1)
(25,25)
(131,1)
(59,59)
(93,1)
(33,1)
(113,1)
(23,23)
(67,1)
(3,1)
(135,135)
(85,1)
(123,123)
(31,1)
(87,1)
(197,1)
(5,5)
(177,177)
(13,13)
(189,1)
(119,1)
(81,1)
(137,1)
(55,1)
(29,1)
(79,1)
(121,1)
(179,1)
(51,1)
(149,1)
(133,1)
(205,205)
(45,45)
(83,83)
(173,173)
(183,183)
(9,1)
(109,1)
(43,1)
(167,167)
(115,1)
(61,61)
(187,1)
(15,1)
(47,1)
(97,1)
(95,1)
(117,117)
(73,1)
(27,1)
(181,1)
(141,1)
(143,1)
(163,1)
(7,1)
(155,1)
(147,1)
