((1,1),(93,1),1)
((3,1),(16,1),1)
((3,1),(37,1),1)
((3,1),(113,1),1)
((3,1),(192,1),1)
((3,1),(195,1),1)
((3,1),(206,1),2)
((7,1),(198,1),1)
((10,1),(139,1),1)
((13,1),(34,1),1)
((15,1),(10,1),1)
((16,1),(19,1),1)
((16,1),(151,1),1)
((17,1),(206,1),1)
((20,1),(65,1),1)
((20,1),(97,1),1)
((20,1),(125,1),1)
((21,1),(63,1),1)
((21,1),(86,1),1)
((21,1),(105,1),1)
((24,1),(3,1),1)
((24,1),(56,1),1)
((24,1),(81,1),1)
((24,1),(118,1),1)
((24,1),(131,1),1)
((24,1),(138,1),1)
((24,1),(182,1),1)
((26,1),(37,1),1)
((26,1),(184,1),1)
((27,1),(112,1),1)
((27,1),(171,1),1)
((29,1),(27,1),1)
((29,1),(131,1),1)
((30,1),(29,1),1)
((31,1),(73,1),1)
((32,1),(55,1),1)
((33,1),(92,1),1)
((37,1),(21,1),1)
((37,1),(76,1),1)
((37,1),(115,1),1)
((37,1),(116,1),1)
((38,1),(6,1),1)
((38,1),(115,1),1)
((40,1),(79,1),1)
((40,1),(84,1),1)
((43,1),(29,1),1)
((43,1),(66,1),1)
((43,1),(97,1),1)
((43,1),(112,1),1)
((43,1),(115,1),1)
((43,1),(131,1),1)
((43,1),(138,1),1)
((43,1),(151,1),1)
((44,1),(136,1),1)
((46,1),(83,1),1)
((48,1),(147,1),1)
((48,1),(176,1),1)
((50,1),(101,1),1)
((50,1),(179,1),1)
((55,1),(97,1),1)
((55,1),(116,1),1)
((55,1),(206,1),1)
((56,1),(44,1),1)
((56,1),(60,1),1)
((58,1),(132,1),1)
((59,1),(42,1),1)
((59,1),(131,1),1)
((60,1),(166,1),1)
((63,1),(86,1),1)
((63,1),(179,1),1)
((64,1),(97,1),1)
((64,1),(102,1),1)
((66,1),(43,1),1)
((67,1),(62,1),1)
((68,1),(37,1),1)
((68,1),(100,1),1)
((70,1),(3,1),1)
((70,1),(66,1),1)
((70,1),(134,1),1)
((70,1),(140,1),1)
((71,1),(187,1),1)
((73,1),(7,1),1)
((73,1),(16,1),1)
((73,1),(166,1),1)
((74,1),(80,1),1)
((76,1),(121,1),2)
((76,1),(174,1),1)
((79,1),(70,1),1)
((79,1),(115,1),1)
((79,1),(147,1),1)
((85,1),(3,1),1)
((85,1),(28,1),1)
((85,1),(89,1),1)
((86,1),(160,1),1)
((87,1),(50,1),1)
((87,1),(90,1),1)
((88,1),(15,1),1)
((88,1),(138,1),1)
((89,1),(81,1),1)
((89,1),(138,1),1)
((90,1),(109,1),1)
((90,1),(167,1),1)
((92,1),(74,1),1)
((92,1),(94,1),1)
((93,1),(105,1),1)
((93,1),(147,1),1)
((93,1),(206,1),2)
((94,1),(16,1),1)
((94,1),(48,1),1)
((97,1),(64,1),1)
((97,1),(146,1),1)
((101,1),(14,1),1)
((101,1),(84,1),1)
((102,1),(24,1),1)
((102,1),(53,1),1)
((103,1),(7,1),1)
((103,1),(97,1),2)
((104,1),(27,1),2)
((104,1),(41,1),1)
((104,1),(55,1),1)
((104,1),(151,1),1)
((105,1),(21,1),1)
((105,1),(67,1),1)
((105,1),(85,1),1)
((105,1),(149,1),2)
((109,1),(174,1),1)
((111,1),(97,1),1)
((111,1),(152,1),1)
((111,1),(174,1),1)
((112,1),(43,1),1)
((115,1),(1,1),1)
((115,1),(77,1),1)
((115,1),(109,1),1)
((115,1),(147,1),1)
((115,1),(197,1),1)
((116,1),(87,1),1)
((116,1),(137,1),1)
((117,1),(121,1),1)
((118,1),(26,1),1)
((118,1),(89,1),1)
((118,1),(182,1),1)
((119,1),(74,1),1)
((121,1),(119,1),1)
((124,1),(193,1),1)
((126,1),(3,1),1)
((126,1),(95,1),2)
((126,1),(157,1),1)
((128,1),(177,1),1)
((130,1),(63,1),1)
((133,1),(197,1),1)
((134,1),(163,1),1)
((135,1),(130,1),1)
((136,1),(98,1),1)
((136,1),(103,1),1)
((136,1),(142,1),1)
((137,1),(113,1),1)
((137,1),(154,1),1)
((138,1),(134,1),1)
((138,1),(151,1),1)
((138,1),(181,1),1)
((139,1),(101,1),1)
((139,1),(103,1),1)
((140,1),(16,1),1)
((140,1),(74,1),1)
((140,1),(122,1),1)
((141,1),(154,1),1)
((141,1),(195,1),1)
((141,1),(201,1),1)
((143,1),(38,1),1)
((144,1),(85,1),1)
((144,1),(206,1),1)
((146,1),(114,1),1)
((146,1),(132,1),1)
((146,1),(156,1),1)
((146,1),(185,1),1)
((147,1),(12,1),1)
((147,1),(121,1),1)
((147,1),(163,1),1)
((149,1),(21,1),1)
((149,1),(93,1),1)
((149,1),(105,1),1)
((151,1),(84,1),1)
((153,1),(115,1),1)
((154,1),(174,1),1)
((155,1),(14,1),1)
((156,1),(31,1),1)
((156,1),(146,1),1)
((160,1),(63,1),1)
((160,1),(206,1),1)
((163,1),(51,1),1)
((166,1),(76,1),1)
((166,1),(105,1),1)
((166,1),(200,1),1)
((171,1),(60,1),1)
((171,1),(71,1),1)
((171,1),(93,1),1)
((172,1),(37,1),1)
((175,1),(103,1),1)
((179,1),(204,1),1)
((183,1),(3,1),1)
((183,1),(141,1),1)
((184,1),(206,1),2)
((185,1),(136,1),1)
((186,1),(60,1),1)
((187,1),(30,1),1)
((187,1),(156,1),1)
((189,1),(130,1),1)
((189,1),(148,1),1)
((190,1),(97,1),1)
((193,1),(11,1),1)
((193,1),(163,1),1)
((194,1),(66,1),1)
((195,1),(20,1),1)
((195,1),(121,1),1)
((195,1),(141,1),1)
((195,1),(163,1),2)
((197,1),(27,1),2)
((197,1),(60,1),1)
((197,1),(80,1),1)
((197,1),(156,1),1)
((200,1),(48,1),1)
((200,1),(197,1),1)
((202,1),(132,1),1)
((203,1),(29,1),1)
((204,1),(105,1),1)
((204,1),(146,1),1)
((206,1),(60,1),1)
((206,1),(93,1),2)
((206,1),(105,1),1)
((206,1),(121,1),1)
((206,1),(138,1),1)
((206,1),(184,1),2)
((206,1),(197,1),2)
