((1,1),(70,1),1)
((1,1),(174,1),1)
((1,1),(176,1),2)
((3,1),(33,1),1)
((3,1),(94,1),1)
((3,1),(99,1),1)
((5,1),(193,1),1)
((6,1),(115,1),1)
((6,1),(126,1),1)
((9,1),(37,1),1)
((11,1),(193,1),1)
((12,1),(199,1),1)
((13,1),(166,1),1)
((15,1),(24,1),1)
((16,1),(37,1),1)
((16,1),(149,1),1)
((19,1),(66,1),1)
((20,1),(62,1),1)
((20,1),(94,1),1)
((20,1),(133,1),1)
((21,1),(181,1),1)
((22,1),(184,1),1)
((23,1),(166,1),1)
((24,1),(47,1),1)
((24,1),(175,1),1)
((26,1),(206,1),1)
((27,1),(197,1),1)
((28,1),(22,1),1)
((28,1),(179,1),1)
((29,1),(28,1),1)
((29,1),(112,1),1)
((29,1),(151,1),1)
((31,1),(114,1),2)
((33,1),(9,1),1)
((33,1),(77,1),1)
((35,1),(55,1),1)
((35,1),(143,1),1)
((37,1),(27,1),1)
((37,1),(32,1),1)
((37,1),(112,1),1)
((37,1),(126,1),1)
((37,1),(206,1),1)
((38,1),(60,1),1)
((38,1),(82,1),1)
((38,1),(104,1),1)
((38,1),(109,1),1)
((38,1),(111,1),1)
((40,1),(14,1),1)
((40,1),(172,1),1)
((42,1),(130,1),1)
((43,1),(76,1),1)
((43,1),(197,1),1)
((45,1),(112,1),1)
((47,1),(193,1),1)
((48,1),(189,1),1)
((51,1),(38,1),1)
((51,1),(139,1),1)
((52,1),(147,1),1)
((53,1),(103,1),1)
((55,1),(48,1),1)
((55,1),(155,1),1)
((58,1),(134,1),1)
((58,1),(143,1),1)
((59,1),(197,1),1)
((60,1),(29,1),1)
((60,1),(140,1),1)
((60,1),(175,1),1)
((61,61),(173,61),1)
((62,1),(47,1),1)
((62,1),(55,1),1)
((62,1),(110,1),1)
((63,1),(160,1),1)
((64,1),(116,1),1)
((66,1),(149,1),2)
((67,1),(21,1),1)
((67,1),(163,1),1)
((67,1),(184,1),1)
((67,1),(206,1),1)
((68,1),(3,1),1)
((68,1),(134,1),1)
((68,1),(172,1),1)
((68,1),(203,1),1)
((71,1),(144,1),1)
((74,1),(26,1),2)
((74,1),(140,1),1)
((74,1),(206,1),1)
((77,1),(206,1),1)
((78,1),(24,1),1)
((79,1),(97,1),1)
((79,1),(119,1),1)
((81,1),(111,1),1)
((81,1),(193,1),1)
((86,1),(50,1),1)
((86,1),(181,1),1)
((87,1),(8,1),1)
((88,1),(203,1),1)
((89,1),(109,1),1)
((89,1),(151,1),1)
((89,1),(163,1),1)
((92,1),(166,1),1)
((93,1),(110,1),1)
((94,1),(3,1),1)
((94,1),(121,1),1)
((94,1),(171,1),1)
((95,1),(43,1),1)
((96,1),(20,1),1)
((96,1),(24,1),1)
((97,1),(16,1),1)
((97,1),(170,1),1)
((97,1),(194,1),2)
((100,1),(133,1),1)
((101,1),(56,1),1)
((103,1),(46,1),1)
((103,1),(136,1),1)
((103,1),(138,1),1)
((104,1),(90,1),1)
((105,1),(37,1),1)
((109,1),(3,1),1)
((109,1),(58,1),1)
((109,1),(87,1),1)
((109,1),(104,1),2)
((110,1),(37,1),1)
((112,1),(9,1),1)
((112,1),(76,1),1)
((112,1),(187,1),1)
((112,1),(204,1),1)
((112,1),(206,1),2)
((113,1),(47,1),1)
((113,1),(192,1),1)
((115,1),(26,1),1)
((115,1),(37,1),1)
((116,1),(109,1),1)
((116,1),(140,1),1)
((121,1),(24,1),2)
((121,1),(76,1),1)
((121,1),(154,1),1)
((121,1),(195,1),1)
((123,1),(9,1),1)
((123,1),(206,1),1)
((126,1),(153,1),1)
((128,1),(192,1),1)
((129,1),(36,1),1)
((130,1),(9,1),1)
((131,1),(151,1),1)
((131,1),(187,1),1)
((132,1),(46,1),1)
((132,1),(144,1),1)
((133,1),(162,1),1)
((134,1),(131,1),1)
((134,1),(151,1),1)
((135,1),(74,1),1)
((135,1),(89,1),1)
((135,1),(138,1),1)
((137,1),(50,1),1)
((137,1),(66,1),1)
((138,1),(43,1),1)
((138,1),(206,1),1)
((139,1),(178,1),1)
((140,1),(37,1),1)
((140,1),(197,1),1)
((141,1),(108,1),1)
((142,1),(146,1),1)
((143,1),(70,1),1)
((143,1),(87,1),1)
((143,1),(109,1),1)
((144,1),(29,1),1)
((146,1),(53,1),1)
((146,1),(73,1),1)
((146,1),(134,1),1)
((146,1),(162,1),1)
((147,1),(27,1),1)
((147,1),(33,1),1)
((147,1),(206,1),1)
((148,1),(63,1),1)
((148,1),(111,1),1)
((149,1),(95,1),1)
((151,1),(112,1),1)
((151,1),(115,1),1)
((151,1),(144,1),1)
((152,1),(58,1),2)
((153,1),(15,1),1)
((153,1),(156,1),1)
((154,1),(3,1),2)
((154,1),(206,1),1)
((155,1),(68,1),1)
((156,1),(193,1),1)
((158,1),(9,1),1)
((162,1),(198,1),1)
((163,1),(139,1),1)
((163,1),(166,1),1)
((163,1),(199,1),1)
((168,1),(153,1),1)
((170,1),(109,1),1)
((171,1),(24,1),1)
((172,1),(63,1),1)
((174,1),(126,1),1)
((174,1),(157,1),1)
((176,1),(25,1),1)
((179,1),(21,1),1)
((179,1),(68,1),1)
((181,1),(21,1),1)
((181,1),(148,1),1)
((181,1),(204,1),1)
((182,1),(68,1),1)
((182,1),(111,1),1)
((184,1),(60,1),1)
((184,1),(130,1),1)
((186,1),(137,1),1)
((187,1),(33,1),1)
((187,1),(66,1),2)
((187,1),(147,1),1)
((187,1),(193,1),1)
((189,1),(206,1),1)
((192,1),(37,1),1)
((192,1),(129,1),1)
((193,1),(133,1),1)
((195,1),(99,1),1)
((195,1),(206,1),1)
((197,1),(3,1),1)
((197,1),(43,1),1)
((197,1),(74,1),2)
((197,1),(145,1),1)
((198,1),(40,1),1)
((198,1),(125,1),1)
((199,1),(48,1),1)
((199,1),(103,1),1)
((202,1),(146,1),1)
((205,1),(23,1),1)
((206,1),(1,1),1)
((206,1),(3,1),1)
((206,1),(26,1),1)
((206,1),(46,1),1)
((206,1),(94,1),1)
((206,1),(95,1),1)
((206,1),(108,1),1)
((206,1),(154,1),2)
