Edge(1,70,1)
Edge(1,174,1)
Edge(1,176,2)
Edge(3,33,1)
Edge(3,94,1)
Edge(3,99,1)
Edge(5,193,1)
Edge(6,115,1)
Edge(6,126,1)
Edge(9,37,1)
Edge(11,193,1)
Edge(12,199,1)
Edge(13,166,1)
Edge(15,24,1)
Edge(16,37,1)
Edge(16,149,1)
Edge(19,66,1)
Edge(20,62,1)
Edge(20,94,1)
Edge(20,133,1)
Edge(21,181,1)
Edge(22,184,1)
Edge(23,166,1)
Edge(24,47,1)
Edge(24,175,1)
Edge(26,206,1)
Edge(27,197,1)
Edge(28,22,1)
Edge(28,179,1)
Edge(29,28,1)
Edge(29,112,1)
Edge(29,151,1)
Edge(31,114,2)
Edge(33,9,1)
Edge(33,77,1)
Edge(35,55,1)
Edge(35,143,1)
Edge(37,27,1)
Edge(37,32,1)
Edge(37,112,1)
Edge(37,126,1)
Edge(37,206,1)
Edge(38,60,1)
Edge(38,82,1)
Edge(38,104,1)
Edge(38,109,1)
Edge(38,111,1)
Edge(40,14,1)
Edge(40,172,1)
Edge(42,130,1)
Edge(43,76,1)
Edge(43,197,1)
Edge(45,112,1)
Edge(47,193,1)
Edge(48,189,1)
Edge(51,38,1)
Edge(51,139,1)
Edge(52,147,1)
Edge(53,103,1)
Edge(55,48,1)
Edge(55,155,1)
Edge(58,134,1)
Edge(58,143,1)
Edge(59,197,1)
Edge(60,29,1)
Edge(60,140,1)
Edge(60,175,1)
Edge(61,173,1)
Edge(62,47,1)
Edge(62,55,1)
Edge(62,110,1)
Edge(63,160,1)
Edge(64,116,1)
Edge(66,149,2)
Edge(67,21,1)
Edge(67,163,1)
Edge(67,184,1)
Edge(67,206,1)
Edge(68,3,1)
Edge(68,134,1)
Edge(68,172,1)
Edge(68,203,1)
Edge(71,144,1)
Edge(74,26,2)
Edge(74,140,1)
Edge(74,206,1)
Edge(77,206,1)
Edge(78,24,1)
Edge(79,97,1)
Edge(79,119,1)
Edge(81,111,1)
Edge(81,193,1)
Edge(86,50,1)
Edge(86,181,1)
Edge(87,8,1)
Edge(88,203,1)
Edge(89,109,1)
Edge(89,151,1)
Edge(89,163,1)
Edge(92,166,1)
Edge(93,110,1)
Edge(94,3,1)
Edge(94,121,1)
Edge(94,171,1)
Edge(95,43,1)
Edge(96,20,1)
Edge(96,24,1)
Edge(97,16,1)
Edge(97,170,1)
Edge(97,194,2)
Edge(100,133,1)
Edge(101,56,1)
Edge(103,46,1)
Edge(103,136,1)
Edge(103,138,1)
Edge(104,90,1)
Edge(105,37,1)
Edge(109,3,1)
Edge(109,58,1)
Edge(109,87,1)
Edge(109,104,2)
Edge(110,37,1)
Edge(112,9,1)
Edge(112,76,1)
Edge(112,187,1)
Edge(112,204,1)
Edge(112,206,2)
Edge(113,47,1)
Edge(113,192,1)
Edge(115,26,1)
Edge(115,37,1)
Edge(116,109,1)
Edge(116,140,1)
Edge(121,24,2)
Edge(121,76,1)
Edge(121,154,1)
Edge(121,195,1)
Edge(123,9,1)
Edge(123,206,1)
Edge(126,153,1)
Edge(128,192,1)
Edge(129,36,1)
Edge(130,9,1)
Edge(131,151,1)
Edge(131,187,1)
Edge(132,46,1)
Edge(132,144,1)
Edge(133,162,1)
Edge(134,131,1)
Edge(134,151,1)
Edge(135,74,1)
Edge(135,89,1)
Edge(135,138,1)
Edge(137,50,1)
Edge(137,66,1)
Edge(138,43,1)
Edge(138,206,1)
Edge(139,178,1)
Edge(140,37,1)
Edge(140,197,1)
Edge(141,108,1)
Edge(142,146,1)
Edge(143,70,1)
Edge(143,87,1)
Edge(143,109,1)
Edge(144,29,1)
Edge(146,53,1)
Edge(146,73,1)
Edge(146,134,1)
Edge(146,162,1)
Edge(147,27,1)
Edge(147,33,1)
Edge(147,206,1)
Edge(148,63,1)
Edge(148,111,1)
Edge(149,95,1)
Edge(151,112,1)
Edge(151,115,1)
Edge(151,144,1)
Edge(152,58,2)
Edge(153,15,1)
Edge(153,156,1)
Edge(154,3,2)
Edge(154,206,1)
Edge(155,68,1)
Edge(156,193,1)
Edge(158,9,1)
Edge(162,198,1)
Edge(163,139,1)
Edge(163,166,1)
Edge(163,199,1)
Edge(168,153,1)
Edge(170,109,1)
Edge(171,24,1)
Edge(172,63,1)
Edge(174,126,1)
Edge(174,157,1)
Edge(176,25,1)
Edge(179,21,1)
Edge(179,68,1)
Edge(181,21,1)
Edge(181,148,1)
Edge(181,204,1)
Edge(182,68,1)
Edge(182,111,1)
Edge(184,60,1)
Edge(184,130,1)
Edge(186,137,1)
Edge(187,33,1)
Edge(187,66,2)
Edge(187,147,1)
Edge(187,193,1)
Edge(189,206,1)
Edge(192,37,1)
Edge(192,129,1)
Edge(193,133,1)
Edge(195,99,1)
Edge(195,206,1)
Edge(197,3,1)
Edge(197,43,1)
Edge(197,74,2)
Edge(197,145,1)
Edge(198,40,1)
Edge(198,125,1)
Edge(199,48,1)
Edge(199,103,1)
Edge(202,146,1)
Edge(205,23,1)
Edge(206,1,1)
Edge(206,3,1)
Edge(206,26,1)
Edge(206,46,1)
Edge(206,94,1)
Edge(206,95,1)
Edge(206,108,1)
Edge(206,154,2)
Edge(1,93,1)
Edge(3,16,1)
Edge(3,37,1)
Edge(3,113,1)
Edge(3,192,1)
Edge(3,195,1)
Edge(3,206,2)
Edge(7,198,1)
Edge(10,139,1)
Edge(13,34,1)
Edge(15,10,1)
Edge(16,19,1)
Edge(16,151,1)
Edge(17,206,1)
Edge(20,65,1)
Edge(20,97,1)
Edge(20,125,1)
Edge(21,63,1)
Edge(21,86,1)
Edge(21,105,1)
Edge(24,3,1)
Edge(24,56,1)
Edge(24,81,1)
Edge(24,118,1)
Edge(24,131,1)
Edge(24,138,1)
Edge(24,182,1)
Edge(26,37,1)
Edge(26,184,1)
Edge(27,112,1)
Edge(27,171,1)
Edge(29,27,1)
Edge(29,131,1)
Edge(30,29,1)
Edge(31,73,1)
Edge(32,55,1)
Edge(33,92,1)
Edge(37,21,1)
Edge(37,76,1)
Edge(37,115,1)
Edge(37,116,1)
Edge(38,6,1)
Edge(38,115,1)
Edge(40,79,1)
Edge(40,84,1)
Edge(43,29,1)
Edge(43,66,1)
Edge(43,97,1)
Edge(43,112,1)
Edge(43,115,1)
Edge(43,131,1)
Edge(43,138,1)
Edge(43,151,1)
Edge(44,136,1)
Edge(46,83,1)
Edge(48,147,1)
Edge(48,176,1)
Edge(50,101,1)
Edge(50,179,1)
Edge(55,97,1)
Edge(55,116,1)
Edge(55,206,1)
Edge(56,44,1)
Edge(56,60,1)
Edge(58,132,1)
Edge(59,42,1)
Edge(59,131,1)
Edge(60,166,1)
Edge(63,86,1)
Edge(63,179,1)
Edge(64,97,1)
Edge(64,102,1)
Edge(66,43,1)
Edge(67,62,1)
Edge(68,37,1)
Edge(68,100,1)
Edge(70,3,1)
Edge(70,66,1)
Edge(70,134,1)
Edge(70,140,1)
Edge(71,187,1)
Edge(73,7,1)
Edge(73,16,1)
Edge(73,166,1)
Edge(74,80,1)
Edge(76,121,2)
Edge(76,174,1)
Edge(79,70,1)
Edge(79,115,1)
Edge(79,147,1)
Edge(85,3,1)
Edge(85,28,1)
Edge(85,89,1)
Edge(86,160,1)
Edge(87,50,1)
Edge(87,90,1)
Edge(88,15,1)
Edge(88,138,1)
Edge(89,81,1)
Edge(89,138,1)
Edge(90,109,1)
Edge(90,167,1)
Edge(92,74,1)
Edge(92,94,1)
Edge(93,105,1)
Edge(93,147,1)
Edge(93,206,2)
Edge(94,16,1)
Edge(94,48,1)
Edge(97,64,1)
Edge(97,146,1)
Edge(101,14,1)
Edge(101,84,1)
Edge(102,24,1)
Edge(102,53,1)
Edge(103,7,1)
Edge(103,97,2)
Edge(104,27,2)
Edge(104,41,1)
Edge(104,55,1)
Edge(104,151,1)
Edge(105,21,1)
Edge(105,67,1)
Edge(105,85,1)
Edge(105,149,2)
Edge(109,174,1)
Edge(111,97,1)
Edge(111,152,1)
Edge(111,174,1)
Edge(112,43,1)
Edge(115,1,1)
Edge(115,77,1)
Edge(115,109,1)
Edge(115,147,1)
Edge(115,197,1)
Edge(116,87,1)
Edge(116,137,1)
Edge(117,121,1)
Edge(118,26,1)
Edge(118,89,1)
Edge(118,182,1)
Edge(119,74,1)
Edge(121,119,1)
Edge(124,193,1)
Edge(126,3,1)
Edge(126,95,2)
Edge(126,157,1)
Edge(128,177,1)
Edge(130,63,1)
Edge(133,197,1)
Edge(134,163,1)
Edge(135,130,1)
Edge(136,98,1)
Edge(136,103,1)
Edge(136,142,1)
Edge(137,113,1)
Edge(137,154,1)
Edge(138,134,1)
Edge(138,151,1)
Edge(138,181,1)
Edge(139,101,1)
Edge(139,103,1)
Edge(140,16,1)
Edge(140,74,1)
Edge(140,122,1)
Edge(141,154,1)
Edge(141,195,1)
Edge(141,201,1)
Edge(143,38,1)
Edge(144,85,1)
Edge(144,206,1)
Edge(146,114,1)
Edge(146,132,1)
Edge(146,156,1)
Edge(146,185,1)
Edge(147,12,1)
Edge(147,121,1)
Edge(147,163,1)
Edge(149,21,1)
Edge(149,93,1)
Edge(149,105,1)
Edge(151,84,1)
Edge(153,115,1)
Edge(154,174,1)
Edge(155,14,1)
Edge(156,31,1)
Edge(156,146,1)
Edge(160,63,1)
Edge(160,206,1)
Edge(163,51,1)
Edge(166,76,1)
Edge(166,105,1)
Edge(166,200,1)
Edge(171,60,1)
Edge(171,71,1)
Edge(171,93,1)
Edge(172,37,1)
Edge(175,103,1)
Edge(179,204,1)
Edge(183,3,1)
Edge(183,141,1)
Edge(184,206,2)
Edge(185,136,1)
Edge(186,60,1)
Edge(187,30,1)
Edge(187,156,1)
Edge(189,130,1)
Edge(189,148,1)
Edge(190,97,1)
Edge(193,11,1)
Edge(193,163,1)
Edge(194,66,1)
Edge(195,20,1)
Edge(195,121,1)
Edge(195,141,1)
Edge(195,163,2)
Edge(197,27,2)
Edge(197,60,1)
Edge(197,80,1)
Edge(197,156,1)
Edge(200,48,1)
Edge(200,197,1)
Edge(202,132,1)
Edge(203,29,1)
Edge(204,105,1)
Edge(204,146,1)
Edge(206,60,1)
Edge(206,93,2)
Edge(206,105,1)
Edge(206,121,1)
Edge(206,138,1)
Edge(206,184,2)
Edge(206,197,2)
