(34,1)
(134,5)
(130,4)
(66,6)
(80,2)
(138,7)
(170,1)
(104,2)
(14,3)
(24,6)
(152,1)
(146,5)
(140,4)
(204,3)
(74,5)
(90,2)
(20,2)
(12,1)
(38,2)
(94,4)
(162,2)
(192,3)
(100,1)
(160,2)
(112,6)
(184,4)
(22,1)
(200,1)
(166,6)
(46,3)
(142,1)
(194,1)
(62,2)
(172,2)
(126,3)
(118,1)
(40,1)
(6,1)
(86,2)
(58,2)
(114,2)
(136,3)
(60,7)
(198,2)
(176,2)
(26,4)
(16,5)
(82,1)
(156,4)
(28,2)
(98,1)
(30,1)
(50,3)
(92,1)
(36,1)
(64,1)
(110,2)
(154,4)
(132,3)
(70,3)
(108,2)
(144,3)
(178,1)
(10,1)
(148,2)
(84,3)
(122,1)
(56,2)
(76,5)
(182,2)
(116,3)
(48,4)
(32,1)
(42,1)
(102,1)
(206,19)
(8,1)
(174,5)
(44,1)
(68,3)
