(19,1)
(151,8)
(101,2)
(129,1)
(193,7)
(71,1)
(153,2)
(105,6)
(171,2)
(125,2)
(157,2)
(65,1)
(11,1)
(111,4)
(175,2)
(37,11)
(185,1)
(195,3)
(201,1)
(1,2)
(63,5)
(89,3)
(203,2)
(103,5)
(199,2)
(145,1)
(99,2)
(41,1)
(21,6)
(139,3)
(77,2)
(53,2)
(25,1)
(131,5)
(93,4)
(33,3)
(113,2)
(23,1)
(67,1)
(3,11)
(85,2)
(31,1)
(87,3)
(197,8)
(177,1)
(189,1)
(119,2)
(81,2)
(137,2)
(55,4)
(29,5)
(79,1)
(121,6)
(179,3)
(51,1)
(149,3)
(133,3)
(83,1)
(173,1)
(9,5)
(109,7)
(43,5)
(167,1)
(115,7)
(187,3)
(15,2)
(47,3)
(97,8)
(95,3)
(73,2)
(27,5)
(181,3)
(141,2)
(143,2)
(163,6)
(7,2)
(155,1)
(147,6)
