(19,1)
(151,1)
(101,1)
(129,1)
(193,1)
(71,1)
(153,1)
(105,1)
(171,1)
(125,1)
(157,1)
(65,1)
(11,1)
(35,1)
(111,1)
(175,1)
(37,1)
(185,1)
(195,1)
(201,1)
(1,1)
(63,1)
(89,1)
(17,1)
(203,1)
(103,1)
(199,1)
(145,1)
(99,1)
(41,1)
(21,1)
(139,1)
(77,1)
(53,1)
(25,1)
(131,1)
(59,1)
(93,1)
(33,1)
(113,1)
(23,1)
(67,1)
(3,1)
(135,1)
(85,1)
(123,1)
(31,1)
(87,1)
(197,1)
(5,1)
(177,1)
(13,1)
(189,1)
(119,1)
(81,1)
(137,1)
(55,1)
(29,1)
(79,1)
(121,1)
(179,1)
(51,1)
(149,1)
(133,1)
(205,1)
(45,1)
(83,1)
(173,1)
(183,1)
(9,1)
(109,1)
(43,1)
(167,1)
(115,1)
(61,1)
(187,1)
(15,1)
(47,1)
(97,1)
(95,1)
(117,1)
(73,1)
(27,1)
(181,1)
(141,1)
(143,1)
(163,1)
(7,1)
(155,1)
(147,1)
