(34,1)
(134,1)
(130,1)
(66,1)
(80,1)
(138,1)
(170,1)
(104,1)
(14,1)
(24,1)
(152,1)
(146,1)
(140,1)
(202,1)
(204,1)
(74,1)
(90,1)
(20,1)
(12,1)
(38,1)
(94,1)
(162,1)
(192,1)
(100,1)
(160,1)
(112,1)
(184,1)
(22,1)
(200,1)
(166,1)
(46,1)
(142,1)
(194,1)
(62,1)
(172,1)
(126,1)
(118,1)
(190,1)
(40,1)
(186,1)
(6,1)
(86,1)
(58,1)
(114,1)
(136,1)
(60,1)
(198,1)
(176,1)
(26,1)
(168,1)
(96,1)
(52,1)
(16,1)
(82,1)
(156,1)
(158,1)
(28,1)
(98,1)
(30,1)
(50,1)
(92,1)
(36,1)
(64,1)
(110,1)
(154,1)
(132,1)
(70,1)
(108,1)
(78,1)
(144,1)
(178,1)
(10,1)
(148,1)
(84,1)
(122,1)
(56,1)
(76,1)
(182,1)
(116,1)
(48,1)
(128,1)
(32,1)
(42,1)
(102,1)
(124,1)
(206,1)
(8,1)
(174,1)
(44,1)
(88,1)
(68,1)
